87
25 39 27 30 83 49 48 69 81 33 40 19 8 10 6 54 23 66 4 82 15 29 2 71 26 86 60 50 41 14 76 73 36 79 80 20 55 61 62 70 53 9 5 17 24 44 57
70 30 76 50 77 11 98 97 16 51 70 48 85 89 60 69 50 85 74 28 59 82 82 17 8 16 16 97 58 66 19 9 25 26 52 93 65 91 75 45 85 98 98 83 73 97 26 53 33 60 69 30 62 20 55 27 77 61 40 89 10 94 3 91 70 27 2 34 68 73 61 5 6 34 43 51 26 26 82 46 94 16 41 69 16 35 72
-1 945 -1 -1 -1 -1 703 413 -1 -1 -1 -1 -1 -1 -1 -1 766 607 -1 -1 -1 367 -1 -1 -1 558 -1 165 -1 671 207 -1 214 -1 -1 -1 995 -1 -1 -1 -1 -1 -1 519 162 -1 -1 -1 -1 -1 -1 -1 -1 14 21 -1 -1 -1 627 -1 -1 -1 -1 893 -1 -1 -1 -1 -1 -1 128 706 -1 -1 -1 113 753 -1 -1 -1 -1 -1 -1 -1 149 4 789
945 -1 -1 -1 -1 407 -1 -1 -1 964 -1 77 -1 325 -1 -1 -1 -1 -1 341 -1 268 -1 -1 -1 -1 788 -1 958 462 -1 -1 -1 605 -1 743 -1 -1 819 -1 -1 -1 -1 -1 -1 -1 -1 -1 -1 -1 -1 606 -1 -1 127 -1 243 -1 -1 -1 -1 574 -1 182 -1 -1 -1 -1 -1 831 -1 155 206 -1 234 -1 -1 -1 -1 -1 29 -1 -1 -1 694 -1 13
-1 -1 -1 172 -1 -1 -1 464 -1 -1 -1 -1 -1 -1 660 -1 -1 -1 -1 -1 -1 -1 -1 -1 -1 630 -1 135 518 -1 18 -1 -1 947 479 -1 -1 -1 162 -1 -1 -1 -1 -1 -1 -1 -1 -1 -1 398 988 84 -1 -1 -1 -1 -1 -1 -1 -1 391 -1 -1 -1 402 -1 -1 -1 -1 -1 -1 -1 -1 577 -1 494 -1 36 -1 -1 179 -1 -1 -1 -1 68 -1
-1 -1 172 -1 -1 -1 119 -1 728 -1 -1 -1 -1 -1 -1 799 623 -1 -1 -1 -1 -1 685 -1 -1 534 -1 -1 -1 -1 525 81 -1 -1 -1 799 972 -1 400 -1 -1 -1 271 81 -1 7 -1 -1 -1 820 -1 -1 -1 -1 -1 -1 -1 -1 -1 -1 -1 -1 -1 -1 -1 155 -1 -1 -1 -1 -1 -1 -1 659 -1 -1 48 -1 -1 519 -1 -1 -1 -1 -1 623 -1
-1 -1 -1 -1 -1 786 -1 -1 -1 -1 257 -1 -1 -1 -1 -1 -1 -1 -1 -1 -1 -1 -1 -1 262 588 -1 -1 -1 -1 847 -1 -1 -1 -1 -1 -1 -1 282 754 -1 -1 534 290 -1 755 638 -1 -1 -1 -1 -1 113 -1 -1 -1 -1 -1 -1 682 -1 -1 -1 -1 -1 502 122 -1 811 511 -1 -1 -1 -1 -1 -1 944 -1 -1 -1 -1 211 -1 -1 -1 -1 706
-1 407 -1 -1 786 -1 673 813 -1 -1 128 -1 879 -1 -1 512 326 -1 -1 177 475 -1 -1 87 -1 -1 -1 -1 -1 -1 -1 -1 -1 -1 683 -1 -1 -1 507 -1 793 233 -1 -1 -1 -1 805 729 -1 -1 -1 -1 -1 -1 295 -1 -1 20 559 -1 958 -1 -1 -1 566 -1 -1 478 -1 -1 -1 302 -1 -1 748 -1 -1 25 429 -1 49 -1 676 238 -1 -1 -1
703 -1 -1 119 -1 673 -1 -1 374 -1 -1 -1 -1 -1 -1 43 257 -1 882 -1 36 70 469 -1 -1 -1 -1 315 -1 -1 -1 -1 -1 400 -1 -1 -1 -1 -1 -1 -1 -1 -1 -1 -1 -1 -1 -1 -1 -1 -1 -1 179 138 -1 869 383 -1 -1 292 -1 -1 423 -1 346 38 -1 -1 -1 -1 -1 -1 -1 984 -1 -1 -1 -1 966 -1 621 -1 -1 -1 -1 -1 781
413 -1 464 -1 -1 813 -1 -1 999 299 -1 265 513 260 -1 -1 299 334 -1 -1 -1 120 -1 -1 -1 -1 595 -1 78 -1 -1 847 -1 -1 -1 -1 -1 -1 -1 596 758 -1 -1 209 -1 -1 -1 -1 -1 -1 -1 -1 287 -1 -1 -1 -1 -1 -1 689 -1 -1 336 -1 751 -1 -1 -1 -1 -1 -1 -1 -1 -1 -1 -1 987 -1 -1 -1 443 -1 -1 577 -1 66 -1
-1 -1 -1 728 -1 -1 374 999 -1 -1 832 856 -1 998 310 -1 -1 805 -1 -1 424 -1 650 -1 -1 -1 -1 -1 -1 -1 72 795 981 932 -1 775 -1 -1 -1 -1 -1 -1 -1 -1 -1 -1 958 -1 587 -1 -1 77 -1 -1 449 -1 314 -1 -1 -1 -1 614 788 -1 631 -1 -1 -1 -1 816 459 -1 666 239 -1 -1 -1 -1 931 -1 -1 -1 401 69 512 343 -1
-1 964 -1 -1 -1 -1 -1 299 -1 -1 -1 -1 111 488 -1 144 739 -1 -1 -1 -1 -1 -1 -1 -1 -1 908 -1 -1 -1 -1 -1 -1 902 955 -1 -1 -1 420 803 -1 -1 -1 780 -1 723 -1 -1 -1 -1 -1 -1 -1 -1 -1 480 147 -1 -1 -1 -1 -1 -1 -1 455 267 -1 367 -1 522 -1 -1 -1 688 390 -1 -1 904 668 -1 -1 -1 -1 -1 -1 -1 -1
-1 -1 -1 -1 257 128 -1 -1 832 -1 -1 538 -1 -1 -1 77 649 164 -1 -1 -1 -1 325 -1 -1 -1 730 -1 -1 -1 826 522 -1 -1 -1 -1 -1 520 913 606 -1 472 -1 -1 368 -1 47 363 -1 784 -1 983 926 -1 -1 -1 -1 -1 -1 223 667 -1 -1 -1 -1 -1 -1 641 -1 -1 -1 -1 -1 55 -1 -1 -1 -1 -1 594 -1 -1 -1 475 -1 -1 -1
-1 77 -1 -1 -1 -1 -1 265 856 -1 538 -1 -1 -1 -1 -1 -1 957 -1 -1 -1 -1 -1 -1 747 524 91 -1 587 405 -1 -1 -1 -1 -1 -1 359 -1 -1 -1 441 54 -1 -1 -1 -1 -1 -1 -1 768 656 -1 500 297 -1 -1 905 874 256 -1 -1 -1 469 936 230 -1 -1 67 -1 -1 -1 -1 -1 -1 -1 -1 -1 -1 724 -1 502 368 -1 625 -1 780 -1
-1 -1 -1 -1 -1 879 -1 513 -1 111 -1 -1 -1 439 -1 -1 -1 31 426 -1 -1 -1 -1 -1 -1 -1 596 -1 702 718 915 91 -1 -1 -1 33 -1 -1 -1 242 -1 119 -1 -1 -1 121 -1 -1 -1 -1 -1 -1 237 -1 -1 -1 -1 -1 -1 397 -1 -1 347 -1 -1 -1 -1 29 -1 -1 187 -1 -1 297 -1 -1 873 -1 748 510 386 187 538 -1 -1 17 965
-1 325 -1 -1 -1 -1 -1 260 998 488 -1 -1 439 -1 -1 -1 443 -1 -1 803 -1 -1 -1 -1 103 -1 -1 928 -1 596 -1 -1 -1 -1 -1 -1 -1 -1 -1 217 720 -1 -1 -1 -1 -1 -1 -1 -1 900 842 -1 -1 -1 -1 797 -1 307 936 -1 -1 -1 -1 -1 563 -1 97 904 436 -1 711 -1 -1 724 -1 -1 644 -1 -1 759 -1 344 -1 -1 978 -1 -1
-1 -1 660 -1 -1 -1 -1 -1 310 -1 -1 -1 -1 -1 -1 -1 -1 396 -1 992 -1 500 -1 -1 -1 -1 736 719 -1 -1 861 678 -1 -1 -1 -1 -1 -1 786 -1 -1 -1 -1 -1 -1 -1 -1 -1 -1 924 -1 672 -1 802 -1 -1 651 -1 482 39 618 -1 -1 -1 -1 -1 177 83 -1 -1 -1 676 479 -1 -1 792 -1 -1 41 -1 474 566 -1 671 -1 722 806
-1 -1 -1 799 -1 512 43 -1 -1 144 77 -1 -1 -1 -1 -1 -1 -1 580 -1 826 417 732 -1 -1 -1 355 48 -1 -1 942 -1 -1 -1 947 -1 -1 -1 -1 -1 72 -1 -1 262 -1 -1 53 -1 -1 -1 -1 522 -1 -1 758 -1 -1 311 -1 -1 -1 -1 -1 -1 913 -1 -1 -1 10 154 -1 -1 -1 -1 -1 -1 -1 853 -1 -1 154 97 654 -1 -1 167 203
766 -1 -1 623 -1 326 257 299 -1 739 649 -1 -1 443 -1 -1 -1 -1 -1 -1 -1 352 599 937 -1 -1 -1 -1 -1 -1 -1 988 -1 -1 -1 -1 507 -1 670 691 -1 -1 -1 -1 -1 10 -1 -1 -1 -1 -1 -1 -1 -1 -1 199 -1 793 7 265 -1 -1 543 978 428 -1 -1 874 -1 -1 777 188 -1 -1 367 -1 -1 -1 934 -1 -1 -1 -1 -1 -1 660 959
607 -1 -1 -1 -1 -1 -1 334 805 -1 164 957 31 -1 396 -1 -1 -1 -1 978 -1 -1 -1 -1 -1 -1 731 -1 -1 479 -1 -1 679 -1 -1 -1 -1 115 -1 -1 -1 -1 -1 -1 -1 -1 -1 313 -1 -1 366 -1 -1 194 230 408 -1 614 333 269 974 777 807 866 -1 763 -1 -1 -1 -1 -1 -1 25 -1 312 518 -1 955 -1 -1 -1 684 -1 -1 -1 -1 -1
-1 -1 -1 -1 -1 -1 882 -1 -1 -1 -1 -1 426 -1 -1 580 -1 -1 -1 82 621 -1 -1 -1 -1 -1 236 -1 391 701 -1 1000 -1 813 -1 -1 -1 -1 -1 -1 263 440 -1 816 873 -1 -1 -1 -1 251 -1 -1 -1 216 -1 -1 457 945 -1 -1 -1 368 -1 -1 539 29 -1 309 -1 -1 -1 -1 -1 956 -1 -1 -1 33 -1 -1 -1 -1 -1 257 -1 260 797
-1 341 -1 -1 -1 177 -1 -1 -1 -1 -1 -1 -1 803 992 -1 -1 978 82 -1 -1 -1 32 -1 333 -1 -1 748 -1 322 565 -1 -1 -1 -1 -1 -1 -1 -1 -1 -1 69 21 -1 -1 -1 144 -1 920 -1 -1 257 120 -1 799 -1 -1 508 -1 -1 -1 -1 -1 94 -1 424 -1 -1 174 -1 -1 -1 779 -1 -1 -1 -1 -1 -1 -1 845 945 761 -1 -1 -1 -1
-1 -1 -1 -1 -1 475 36 -1 424 -1 -1 -1 -1 -1 -1 826 -1 -1 621 -1 -1 264 -1 -1 -1 560 -1 -1 -1 -1 -1 -1 -1 897 -1 -1 821 -1 491 -1 -1 61 701 353 -1 567 -1 -1 -1 459 142 -1 623 684 -1 4 -1 -1 873 -1 906 199 600 -1 -1 81 -1 -1 -1 -1 97 791 -1 599 473 998 390 -1 -1 -1 -1 -1 -1 -1 -1 -1 252
367 268 -1 -1 -1 -1 70 120 -1 -1 -1 -1 -1 -1 500 417 352 -1 -1 -1 264 -1 380 567 -1 -1 148 -1 -1 961 -1 -1 222 -1 -1 -1 546 -1 330 -1 -1 -1 859 342 873 238 -1 -1 722 -1 -1 347 -1 -1 239 -1 964 307 -1 871 223 -1 454 -1 173 -1 596 -1 499 -1 779 -1 944 -1 -1 -1 -1 -1 -1 883 -1 177 261 758 262 -1 -1
-1 -1 -1 685 -1 -1 469 -1 650 -1 325 -1 -1 -1 -1 732 599 -1 -1 32 -1 380 -1 284 128 -1 44 -1 522 -1 -1 -1 -1 -1 326 -1 -1 -1 799 668 -1 826 297 -1 -1 788 130 -1 -1 -1 -1 607 -1 -1 -1 -1 -1 -1 190 -1 852 169 -1 203 -1 161 -1 -1 829 -1 57 154 -1 850 -1 -1 -1 -1 354 -1 844 -1 -1 -1 -1 256 552
-1 -1 -1 -1 -1 87 -1 -1 -1 -1 -1 -1 -1 -1 -1 -1 937 -1 -1 -1 -1 567 284 -1 -1 582 -1 -1 -1 -1 326 -1 -1 -1 165 -1 892 -1 -1 -1 -1 -1 -1 -1 615 97 -1 -1 -1 82 305 -1 -1 -1 -1 -1 -1 -1 -1 -1 72 -1 810 848 -1 -1 773 595 -1 -1 62 -1 -1 -1 -1 -1 -1 427 -1 -1 -1 658 -1 502 -1 668 -1
-1 -1 -1 -1 262 -1 -1 -1 -1 -1 -1 747 -1 103 -1 -1 -1 -1 -1 333 -1 -1 128 -1 -1 809 -1 309 -1 530 -1 -1 -1 294 -1 570 717 -1 -1 -1 -1 -1 -1 -1 369 -1 -1 172 -1 486 -1 -1 -1 -1 69 -1 -1 -1 -1 938 -1 -1 -1 -1 -1 -1 -1 595 -1 -1 403 -1 -1 -1 -1 580 -1 -1 -1 70 25 -1 -1 -1 -1 -1 -1
558 -1 630 534 588 -1 -1 -1 -1 -1 -1 524 -1 -1 -1 -1 -1 -1 -1 -1 560 -1 -1 582 809 -1 -1 403 -1 394 -1 647 390 257 -1 428 489 -1 -1 425 -1 -1 -1 -1 87 -1 -1 528 -1 -1 31 536 -1 -1 -1 -1 -1 -1 642 -1 -1 -1 -1 4 -1 -1 883 -1 74 -1 367 -1 -1 -1 -1 -1 473 -1 -1 108 -1 -1 -1 -1 -1 -1 -1
-1 788 -1 -1 -1 -1 -1 595 -1 908 730 91 596 -1 736 355 -1 731 236 -1 -1 148 44 -1 -1 -1 -1 538 -1 -1 269 10 -1 503 161 -1 609 -1 -1 14 21 -1 -1 -1 -1 -1 -1 889 -1 -1 -1 -1 -1 433 -1 -1 -1 -1 -1 -1 -1 163 -1 -1 793 115 657 429 -1 -1 344 -1 745 -1 -1 -1 -1 52 196 -1 -1 -1 -1 -1 -1 645 -1
165 -1 135 -1 -1 -1 315 -1 -1 -1 -1 -1 -1 928 719 48 -1 -1 -1 748 -1 -1 -1 -1 309 403 538 -1 -1 180 -1 -1 -1 -1 -1 -1 649 -1 -1 -1 -1 754 -1 -1 -1 810 123 -1 -1 -1 -1 650 500 -1 -1 146 108 186 -1 -1 -1 -1 -1 -1 -1 -1 -1 286 850 452 -1 -1 -1 -1 519 -1 -1 -1 505 -1 -1 -1 53 -1 -1 -1 -1
-1 958 518 -1 -1 -1 -1 78 -1 -1 -1 587 702 -1 -1 -1 -1 -1 391 -1 -1 -1 522 -1 -1 -1 -1 -1 -1 809 -1 139 416 -1 -1 944 3 77 -1 -1 348 -1 458 63 -1 -1 -1 226 -1 958 -1 -1 -1 -1 122 -1 -1 -1 -1 -1 -1 -1 655 288 511 -1 36 789 298 -1 622 -1 -1 -1 -1 380 -1 -1 -1 379 707 684 -1 705 -1 -1 166
671 462 -1 -1 -1 -1 -1 -1 -1 -1 -1 405 718 596 -1 -1 -1 479 701 322 -1 961 -1 -1 530 394 -1 180 809 -1 -1 679 -1 -1 917 -1 -1 -1 -1 704 -1 -1 470 294 -1 -1 -1 -1 954 741 -1 611 174 362 -1 702 -1 -1 -1 -1 264 -1 -1 115 -1 -1 -1 407 801 -1 -1 -1 -1 -1 293 -1 -1 -1 342 717 554 737 550 736 693 -1 -1
207 -1 18 525 847 -1 -1 -1 72 -1 826 -1 915 -1 861 942 -1 -1 -1 565 -1 -1 -1 326 -1 -1 269 -1 -1 -1 -1 -1 904 840 -1 98 287 -1 -1 -1 944 934 -1 797 -1 -1 906 -1 -1 407 -1 -1 989 867 -1 867 396 957 332 -1 -1 286 627 784 -1 488 -1 -1 -1 140 -1 -1 -1 -1 -1 257 937 -1 359 -1 33 -1 848 -1 675 -1 120
-1 -1 -1 81 -1 -1 -1 847 795 -1 522 -1 91 -1 678 -1 988 -1 1000 -1 -1 -1 -1 -1 -1 647 10 -1 139 679 -1 -1 -1 205 -1 -1 -1 -1 -1 -1 259 -1 -1 -1 -1 -1 -1 59 -1 333 -1 835 622 -1 601 -1 969 -1 -1 605 -1 425 -1 120 -1 552 310 -1 -1 -1 785 891 -1 -1 -1 -1 -1 -1 357 -1 315 -1 -1 -1 -1 686 -1
214 -1 -1 -1 -1 -1 -1 -1 981 -1 -1 -1 -1 -1 -1 -1 -1 679 -1 -1 -1 222 -1 -1 -1 390 -1 -1 416 -1 904 -1 -1 -1 -1 -1 -1 821 -1 -1 788 -1 -1 -1 760 -1 -1 807 -1 -1 253 946 -1 -1 -1 29 -1 398 -1 -1 -1 964 213 -1 -1 -1 -1 -1 908 -1 -1 -1 934 377 -1 805 -1 141 5 -1 323 -1 -1 122 377 -1 -1
-1 605 947 -1 -1 -1 400 -1 932 902 -1 -1 -1 -1 -1 -1 -1 -1 813 -1 897 -1 -1 -1 294 257 503 -1 -1 -1 840 205 -1 -1 870 -1 -1 -1 -1 180 401 492 -1 -1 -1 85 723 459 -1 294 356 436 610 -1 -1 271 223 -1 -1 -1 362 199 -1 512 43 496 -1 778 -1 288 -1 70 -1 -1 21 688 -1 -1 884 -1 -1 38 628 -1 -1 -1 -1
-1 -1 479 -1 -1 683 -1 -1 -1 955 -1 -1 -1 -1 -1 947 -1 -1 -1 -1 -1 -1 326 165 -1 -1 161 -1 -1 917 -1 -1 -1 870 -1 -1 138 -1 -1 109 -1 955 -1 -1 660 -1 -1 979 -1 446 -1 -1 -1 -1 481 -1 -1 -1 201 -1 35 665 67 841 -1 -1 -1 -1 -1 -1 661 -1 -1 548 -1 409 -1 76 558 -1 -1 -1 58 782 -1 538 219
-1 743 -1 799 -1 -1 -1 -1 775 -1 -1 -1 33 -1 -1 -1 -1 -1 -1 -1 -1 -1 -1 -1 570 428 -1 -1 944 -1 98 -1 -1 -1 -1 -1 282 148 -1 -1 -1 -1 -1 -1 -1 471 917 52 -1 -1 -1 -1 28 -1 -1 504 369 -1 -1 -1 393 -1 668 25 -1 629 801 169 -1 938 -1 472 505 719 -1 -1 -1 768 -1 -1 -1 -1 -1 995 -1 850 -1
995 -1 -1 972 -1 -1 -1 -1 -1 -1 -1 359 -1 -1 -1 -1 507 -1 -1 -1 821 546 -1 892 717 489 609 649 3 -1 287 -1 -1 -1 138 282 -1 690 -1 -1 -1 541 -1 738 -1 362 -1 569 287 -1 500 739 -1 -1 -1 -1 -1 -1 921 737 -1 441 -1 72 562 546 -1 703 -1 -1 -1 801 376 -1 138 662 55 180 -1 578 -1 -1 2 85 -1 -1 559
-1 -1 -1 -1 -1 -1 -1 -1 -1 -1 520 -1 -1 -1 -1 -1 -1 115 -1 -1 -1 -1 -1 -1 -1 -1 -1 -1 77 -1 -1 -1 821 -1 -1 148 690 -1 -1 455 248 689 963 986 731 -1 -1 -1 -1 -1 495 -1 -1 -1 -1 -1 -1 103 -1 947 -1 -1 760 675 51 506 445 -1 -1 -1 -1 -1 212 367 222 -1 -1 716 -1 407 -1 -1 -1 -1 -1 -1 -1
-1 819 162 400 282 507 -1 -1 -1 420 913 -1 -1 -1 786 -1 670 -1 -1 -1 491 330 799 -1 -1 -1 -1 -1 -1 -1 -1 -1 -1 -1 -1 -1 -1 -1 -1 -1 -1 -1 517 -1 -1 53 218 -1 -1 -1 599 -1 -1 585 314 -1 -1 237 -1 650 554 -1 -1 -1 446 230 -1 909 249 7 21 788 541 953 890 922 382 577 956 228 -1 -1 561 -1 -1 327 -1
-1 -1 -1 -1 754 -1 -1 596 -1 803 606 -1 242 217 -1 -1 691 -1 -1 -1 -1 -1 668 -1 -1 425 14 -1 -1 704 -1 -1 -1 180 109 -1 -1 455 -1 -1 -1 -1 624 450 -1 -1 328 859 -1 -1 -1 683 -1 249 -1 -1 -1 -1 429 74 -1 -1 264 -1 -1 584 514 -1 -1 783 859 -1 -1 -1 672 -1 457 -1 -1 493 -1 -1 -1 451 -1 442 -1
-1 -1 -1 -1 -1 793 -1 758 -1 -1 -1 441 -1 720 -1 72 -1 -1 263 -1 -1 -1 -1 -1 -1 -1 21 -1 348 -1 944 259 788 401 -1 -1 -1 248 -1 -1 -1 -1 996 48 -1 -1 721 -1 -1 167 833 733 -1 880 -1 -1 -1 791 74 590 512 -1 -1 -1 235 -1 549 843 583 -1 100 692 -1 -1 -1 678 -1 20 227 290 474 651 869 930 109 -1 567
-1 -1 -1 -1 -1 233 -1 -1 -1 -1 472 54 119 -1 -1 -1 -1 -1 440 69 61 -1 826 -1 -1 -1 -1 754 -1 -1 934 -1 -1 492 955 -1 541 689 -1 -1 -1 -1 763 -1 -1 -1 -1 487 619 -1 -1 632 -1 713 570 -1 763 4 -1 -1 113 -1 285 477 -1 614 -1 -1 112 714 -1 -1 828 623 -1 845 -1 865 223 -1 -1 -1 663 -1 -1 -1 443
-1 -1 -1 271 534 -1 -1 -1 -1 -1 -1 -1 -1 -1 -1 -1 -1 -1 -1 21 701 859 297 -1 -1 -1 -1 -1 458 470 -1 -1 -1 -1 -1 -1 -1 963 517 624 996 763 -1 766 -1 -1 -1 -1 -1 656 708 -1 -1 725 901 -1 306 -1 -1 -1 44 401 -1 834 822 644 876 -1 -1 -1 818 729 691 -1 -1 -1 -1 -1 -1 -1 814 -1 -1 724 -1 -1 344
519 -1 -1 81 290 -1 -1 209 -1 780 -1 -1 -1 -1 -1 262 -1 -1 816 -1 353 342 -1 -1 -1 -1 -1 -1 63 294 797 -1 -1 -1 -1 -1 738 986 -1 450 48 -1 766 -1 789 499 596 934 832 -1 -1 -1 890 -1 -1 558 -1 986 -1 -1 -1 -1 -1 -1 613 -1 375 18 966 107 -1 -1 86 -1 -1 -1 -1 -1 -1 685 124 -1 145 -1 267 -1 -1
162 -1 -1 -1 -1 -1 -1 -1 -1 -1 368 -1 -1 -1 -1 -1 -1 -1 873 -1 -1 873 -1 615 369 87 -1 -1 -1 -1 -1 -1 760 -1 660 -1 -1 731 -1 -1 -1 -1 -1 789 -1 -1 873 -1 -1 -1 791 -1 -1 -1 -1 203 -1 -1 -1 -1 -1 492 347 -1 -1 492 -1 961 -1 -1 -1 -1 -1 -1 827 970 944 365 -1 -1 -1 708 -1 365 747 -1 392
-1 -1 -1 7 755 -1 -1 -1 -1 723 -1 -1 121 -1 -1 -1 10 -1 -1 -1 567 238 788 97 -1 -1 -1 810 -1 -1 -1 -1 -1 85 -1 471 362 -1 53 -1 -1 -1 -1 499 -1 -1 36 -1 -1 -1 -1 642 -1 464 931 -1 323 12 -1 391 8 -1 -1 220 -1 365 -1 809 340 917 635 659 -1 926 -1 707 341 -1 -1 402 -1 -1 106 -1 -1 -1 -1
-1 -1 -1 -1 638 805 -1 -1 958 -1 47 -1 -1 -1 -1 53 -1 -1 -1 144 -1 -1 130 -1 -1 -1 -1 123 -1 -1 906 -1 -1 723 -1 917 -1 -1 218 328 721 -1 -1 596 873 36 -1 867 -1 690 -1 -1 -1 456 211 -1 753 14 823 -1 -1 -1 771 945 -1 931 754 958 -1 608 222 -1 -1 992 -1 -1 590 826 32 8 79 840 953 754 403 -1 133
-1 -1 -1 -1 -1 729 -1 -1 -1 -1 363 -1 -1 -1 -1 -1 -1 313 -1 -1 -1 -1 -1 -1 172 528 889 -1 226 -1 -1 59 807 459 979 52 569 -1 -1 859 -1 487 -1 934 -1 -1 867 -1 -1 -1 906 467 -1 865 -1 972 541 607 92 -1 885 -1 149 -1 -1 -1 350 831 585 88 -1 -1 832 -1 380 -1 598 537 637 -1 435 -1 -1 58 -1 167 -1
-1 -1 -1 -1 -1 -1 -1 -1 587 -1 -1 -1 -1 -1 -1 -1 -1 -1 -1 920 -1 722 -1 -1 -1 -1 -1 -1 -1 954 -1 -1 -1 -1 -1 -1 287 -1 -1 -1 -1 619 -1 832 -1 -1 -1 -1 -1 833 -1 765 698 -1 994 134 -1 -1 -1 -1 -1 -1 -1 792 604 797 -1 570 40 -1 -1 806 621 -1 -1 -1 -1 716 414 -1 -1 994 743 -1 -1 -1 27
-1 -1 398 820 -1 -1 -1 -1 -1 -1 784 768 -1 900 924 -1 -1 -1 251 -1 459 -1 -1 82 486 -1 -1 -1 958 741 407 333 -1 294 446 -1 -1 -1 -1 -1 167 -1 656 -1 -1 -1 690 -1 833 -1 311 260 792 627 618 -1 869 173 -1 764 -1 -1 -1 541 465 786 38 -1 -1 -1 917 -1 -1 -1 160 -1 360 -1 88 -1 -1 -1 -1 -1 774 -1 835
-1 -1 988 -1 -1 -1 -1 -1 -1 -1 -1 656 -1 842 -1 -1 -1 366 -1 -1 142 -1 -1 305 -1 31 -1 -1 -1 -1 -1 -1 253 356 -1 -1 500 495 599 -1 833 -1 708 -1 791 -1 -1 906 -1 311 -1 -1 -1 804 50 102 434 -1 -1 892 841 702 -1 -1 636 555 966 884 -1 -1 -1 -1 80 -1 375 950 -1 -1 646 138 337 485 573 -1 -1 -1 -1
-1 606 84 -1 -1 -1 -1 -1 77 -1 983 -1 -1 -1 672 522 -1 -1 -1 257 -1 347 607 -1 -1 536 -1 650 -1 611 -1 835 946 436 -1 -1 739 -1 -1 683 733 632 -1 -1 -1 642 -1 467 765 260 -1 -1 390 -1 569 511 517 -1 -1 655 176 -1 -1 -1 -1 304 -1 -1 -1 -1 -1 -1 -1 70 -1 -1 -1 -1 -1 -1 -1 81 -1 912 -1 -1 -1
-1 -1 -1 -1 113 -1 179 287 -1 -1 926 500 237 -1 -1 -1 -1 -1 -1 120 623 -1 -1 -1 -1 -1 -1 500 -1 174 989 622 -1 610 -1 28 -1 -1 -1 -1 -1 -1 -1 890 -1 -1 -1 -1 698 792 -1 390 -1 283 -1 -1 657 -1 197 -1 193 493 -1 -1 -1 621 49 589 84 -1 347 880 530 156 867 -1 683 149 -1 654 -1 689 145 174 -1 -1 -1
14 -1 -1 -1 -1 -1 138 -1 -1 -1 -1 297 -1 -1 802 -1 -1 194 216 -1 684 -1 -1 -1 -1 -1 433 -1 -1 362 867 -1 -1 -1 -1 -1 -1 -1 585 249 880 713 725 -1 -1 464 456 865 -1 627 804 -1 283 -1 -1 890 954 5 -1 -1 734 -1 -1 918 -1 824 59 -1 -1 -1 386 317 35 168 302 -1 225 640 971 -1 449 -1 322 -1 -1 -1 -1
21 127 -1 -1 -1 295 -1 -1 449 -1 -1 -1 -1 -1 -1 758 -1 230 -1 799 -1 239 -1 -1 69 -1 -1 -1 122 -1 -1 601 -1 -1 481 -1 -1 -1 314 -1 -1 570 901 -1 -1 931 211 -1 994 618 50 569 -1 -1 -1 -1 133 433 -1 114 -1 775 286 -1 -1 -1 -1 -1 638 -1 858 599 562 -1 56 178 358 -1 573 -1 599 -1 728 145 327 -1 920
-1 -1 -1 -1 -1 -1 869 -1 -1 480 -1 -1 -1 797 -1 -1 199 408 -1 -1 4 -1 -1 -1 -1 -1 -1 146 -1 702 867 -1 29 271 -1 504 -1 -1 -1 -1 -1 -1 -1 558 203 -1 -1 972 134 -1 102 511 -1 890 -1 -1 142 -1 670 -1 -1 -1 -1 543 86 -1 285 -1 -1 -1 27 487 -1 121 -1 -1 -1 -1 825 -1 434 649 214 832 831 388 -1
-1 243 -1 -1 -1 -1 383 -1 314 147 -1 905 -1 -1 651 -1 -1 -1 457 -1 -1 964 -1 -1 -1 -1 -1 108 -1 -1 396 969 -1 223 -1 369 -1 -1 -1 -1 -1 763 306 -1 -1 323 753 541 -1 869 434 517 657 954 133 142 -1 194 638 -1 -1 809 83 570 -1 -1 -1 669 -1 80 -1 15 734 -1 709 319 399 -1 -1 455 -1 -1 -1 -1 99 22 -1
-1 -1 -1 -1 -1 20 -1 -1 -1 -1 -1 874 -1 307 -1 311 793 614 945 508 -1 307 -1 -1 -1 -1 -1 186 -1 -1 957 -1 398 -1 -1 -1 -1 103 237 -1 791 4 -1 986 -1 12 14 607 -1 173 -1 -1 -1 5 433 -1 194 -1 734 -1 289 758 -1 -1 -1 990 -1 342 -1 711 -1 -1 -1 595 615 911 637 437 624 517 234 385 771 478 177 557 -1
627 -1 -1 -1 -1 559 -1 -1 -1 -1 -1 256 -1 936 482 -1 7 333 -1 -1 873 -1 190 -1 -1 642 -1 -1 -1 -1 332 -1 -1 -1 201 -1 921 -1 -1 429 74 -1 -1 -1 -1 -1 823 92 -1 -1 -1 -1 197 -1 -1 670 638 734 -1 574 -1 294 32 230 474 -1 16 872 919 -1 851 658 -1 253 330 -1 142 645 -1 78 261 487 263 -1 941 -1 -1
-1 -1 -1 -1 682 -1 292 689 -1 -1 223 -1 397 -1 39 -1 265 269 -1 -1 -1 871 -1 -1 938 -1 -1 -1 -1 -1 -1 605 -1 -1 -1 -1 737 947 650 74 590 -1 -1 -1 -1 391 -1 -1 -1 764 892 655 -1 -1 114 -1 -1 -1 574 -1 -1 681 -1 -1 860 852 669 810 543 803 923 735 110 -1 884 869 350 337 409 771 280 -1 -1 -1 -1 -1 506
-1 -1 391 -1 -1 958 -1 -1 -1 -1 667 -1 -1 -1 618 -1 -1 974 -1 -1 906 223 852 72 -1 -1 -1 -1 -1 264 -1 -1 -1 362 35 393 -1 -1 554 -1 512 113 44 -1 -1 8 -1 885 -1 -1 841 176 193 734 -1 -1 -1 289 -1 -1 -1 -1 603 -1 562 -1 -1 118 48 464 131 376 -1 429 -1 -1 -1 -1 667 518 394 -1 586 -1 822 130 113
-1 574 -1 -1 -1 -1 -1 -1 614 -1 -1 -1 -1 -1 -1 -1 -1 777 368 -1 199 -1 169 -1 -1 -1 163 -1 -1 -1 286 425 964 199 665 -1 441 -1 -1 -1 -1 -1 401 -1 492 -1 -1 -1 -1 -1 702 -1 493 -1 775 -1 809 758 294 681 -1 -1 466 873 461 49 -1 310 -1 87 -1 -1 -1 822 596 592 576 -1 757 743 200 482 817 -1 -1 121 951
-1 -1 -1 -1 -1 -1 423 336 788 -1 -1 469 347 -1 -1 -1 543 807 -1 -1 600 454 -1 810 -1 -1 -1 -1 655 -1 627 -1 213 -1 67 668 -1 760 -1 264 -1 285 -1 -1 347 -1 771 149 -1 -1 -1 -1 -1 -1 286 -1 83 -1 32 -1 603 466 -1 115 285 -1 513 -1 -1 562 59 -1 -1 -1 222 907 -1 259 266 812 303 -1 -1 964 -1 877 892
893 182 -1 -1 -1 -1 -1 -1 -1 -1 -1 936 -1 -1 -1 -1 978 866 -1 94 -1 -1 203 848 -1 4 -1 -1 288 115 784 120 -1 512 841 25 72 675 -1 -1 -1 477 834 -1 -1 220 945 -1 792 541 -1 -1 -1 918 -1 543 570 -1 230 -1 -1 873 115 -1 -1 -1 575 489 -1 260 335 29 -1 841 77 -1 922 -1 3 396 872 -1 337 -1 -1 712 -1
-1 -1 402 -1 -1 566 346 751 631 455 -1 230 -1 563 -1 913 428 -1 539 -1 -1 173 -1 -1 -1 -1 793 -1 511 -1 -1 -1 -1 43 -1 -1 562 51 446 -1 235 -1 822 613 -1 -1 -1 -1 604 465 636 -1 -1 -1 -1 86 -1 -1 474 860 562 461 285 -1 -1 182 594 723 -1 -1 -1 -1 -1 447 -1 -1 -1 459 441 423 552 -1 16 198 383 -1 617
-1 -1 -1 155 502 -1 38 -1 -1 267 -1 -1 -1 -1 -1 -1 -1 763 29 424 81 -1 161 -1 -1 -1 115 -1 -1 -1 488 552 -1 496 -1 629 546 506 230 584 -1 614 644 -1 492 365 931 -1 797 786 555 304 621 824 -1 -1 -1 990 -1 852 -1 49 -1 -1 182 -1 742 974 207 131 295 345 494 591 855 261 65 824 -1 222 105 119 835 -1 -1 484 -1
-1 -1 -1 -1 122 -1 -1 -1 -1 -1 -1 -1 -1 97 177 -1 -1 -1 -1 -1 -1 596 -1 773 -1 883 657 -1 36 -1 -1 310 -1 -1 -1 801 -1 445 -1 514 549 -1 876 375 -1 -1 754 350 -1 38 966 -1 49 59 -1 285 -1 -1 16 669 -1 -1 513 575 594 742 -1 451 143 751 459 -1 510 664 -1 429 -1 354 535 -1 -1 -1 143 620 -1 -1 921
-1 -1 -1 -1 -1 478 -1 -1 -1 367 641 67 29 904 83 -1 874 -1 309 -1 -1 -1 -1 595 595 -1 429 286 789 407 -1 -1 -1 778 -1 169 703 -1 909 -1 843 -1 -1 18 961 809 958 831 570 -1 884 -1 589 -1 -1 -1 669 342 872 810 118 310 -1 489 723 974 451 -1 426 134 731 812 -1 882 551 867 -1 -1 584 93 948 962 -1 -1 833 497 581
-1 -1 -1 -1 811 -1 -1 -1 -1 -1 -1 -1 -1 436 -1 10 -1 -1 -1 174 -1 499 829 -1 -1 74 -1 850 298 801 -1 -1 908 -1 -1 -1 -1 -1 249 -1 583 112 -1 966 -1 340 -1 585 40 -1 -1 -1 84 -1 638 -1 -1 -1 919 543 48 -1 -1 -1 -1 207 143 426 -1 760 865 262 -1 684 -1 649 -1 293 -1 75 450 330 87 530 60 772 324
-1 831 -1 -1 511 -1 -1 -1 816 522 -1 -1 -1 -1 -1 154 -1 -1 -1 -1 -1 -1 -1 -1 -1 -1 -1 452 -1 -1 140 -1 -1 288 -1 938 -1 -1 7 783 -1 714 -1 107 -1 917 608 88 -1 -1 -1 -1 -1 -1 -1 -1 80 711 -1 803 464 87 562 260 -1 131 751 134 760 -1 41 -1 -1 -1 978 670 -1 -1 842 37 951 62 -1 834 329 61 -1
128 -1 -1 -1 -1 -1 -1 -1 459 -1 -1 -1 187 711 -1 -1 777 -1 -1 -1 97 779 57 62 403 367 344 -1 622 -1 -1 785 -1 -1 661 -1 -1 -1 21 859 100 -1 818 -1 -1 635 222 -1 -1 917 -1 -1 347 386 858 27 -1 -1 851 923 131 -1 59 335 -1 295 459 731 865 41 -1 695 887 70 434 125 -1 -1 752 144 344 331 420 533 126 101 484
706 155 -1 -1 -1 302 -1 -1 -1 -1 -1 -1 -1 -1 676 -1 188 -1 -1 -1 791 -1 154 -1 -1 -1 -1 -1 -1 -1 -1 891 -1 70 -1 472 801 -1 788 -1 692 -1 729 -1 -1 659 -1 -1 806 -1 -1 -1 880 317 599 487 15 -1 658 735 376 -1 -1 29 -1 345 -1 812 262 -1 695 -1 233 235 175 214 760 169 531 150 166 752 856 825 974 913 114
-1 206 -1 -1 -1 -1 -1 -1 666 -1 -1 -1 -1 -1 479 -1 -1 25 -1 779 -1 944 -1 -1 -1 -1 745 -1 -1 -1 -1 -1 934 -1 -1 505 376 212 541 -1 -1 828 691 86 -1 -1 -1 832 621 -1 80 -1 530 35 562 -1 734 -1 -1 110 -1 -1 -1 -1 -1 494 510 -1 -1 -1 887 233 -1 84 32 136 762 -1 971 906 614 943 102 97 -1 -1 733
-1 -1 577 659 -1 -1 984 -1 239 688 55 -1 297 724 -1 -1 -1 -1 956 -1 599 -1 850 -1 -1 -1 -1 -1 -1 -1 -1 -1 377 -1 548 719 -1 367 953 -1 -1 623 -1 -1 -1 926 992 -1 -1 -1 -1 70 156 168 -1 121 -1 595 253 -1 429 822 -1 841 447 591 664 882 684 -1 70 235 84 -1 149 78 111 928 14 173 312 -1 269 663 197 632 817
-1 234 -1 -1 -1 748 -1 -1 -1 390 -1 -1 -1 -1 -1 -1 367 312 -1 -1 473 -1 -1 -1 -1 -1 -1 519 -1 293 -1 -1 -1 21 -1 -1 138 222 890 672 -1 -1 -1 -1 827 -1 -1 380 -1 160 375 -1 867 302 56 -1 709 615 330 884 -1 596 222 77 -1 855 -1 551 -1 978 434 175 32 149 -1 663 711 155 41 884 327 233 739 561 500 -1 906
113 -1 494 -1 -1 -1 -1 -1 -1 -1 -1 -1 -1 -1 792 -1 -1 518 -1 -1 998 -1 -1 -1 580 -1 -1 -1 380 -1 257 -1 805 688 409 -1 662 -1 922 -1 678 845 -1 -1 970 707 -1 -1 -1 -1 950 -1 -1 -1 178 -1 319 911 -1 869 -1 592 907 -1 -1 261 429 867 649 670 125 214 136 78 663 -1 527 806 959 -1 594 768 374 210 264 823 288
753 -1 -1 48 944 -1 -1 987 -1 -1 -1 -1 873 644 -1 -1 -1 -1 -1 -1 390 -1 -1 -1 -1 473 -1 -1 -1 -1 937 -1 -1 -1 -1 -1 55 -1 382 457 -1 -1 -1 -1 944 341 590 598 -1 360 -1 -1 683 225 358 -1 399 637 142 350 -1 576 -1 922 -1 65 -1 -1 -1 -1 -1 760 762 111 711 527 -1 -1 297 592 -1 873 56 304 367 982 908
-1 -1 36 -1 -1 25 -1 -1 -1 904 -1 -1 -1 -1 -1 853 -1 955 33 -1 -1 -1 -1 427 -1 -1 52 -1 -1 -1 -1 -1 141 -1 76 768 180 716 577 -1 20 865 -1 -1 365 -1 826 537 716 -1 -1 -1 149 640 -1 -1 -1 437 645 337 -1 -1 259 -1 459 824 354 -1 293 -1 -1 169 -1 928 155 806 -1 -1 304 250 218 918 102 908 345 886 28
-1 -1 -1 -1 -1 429 966 -1 931 668 -1 724 748 -1 41 -1 934 -1 -1 -1 -1 -1 354 -1 -1 -1 196 505 -1 342 359 357 5 884 558 -1 -1 -1 956 -1 227 223 -1 -1 -1 -1 32 637 414 88 646 -1 -1 971 573 825 -1 624 -1 409 667 757 266 3 441 -1 535 584 -1 842 752 531 971 14 41 959 297 304 -1 152 905 258 561 503 287 436 828
-1 -1 -1 519 -1 -1 -1 -1 -1 -1 594 -1 510 759 -1 -1 -1 -1 -1 -1 -1 883 -1 -1 70 108 -1 -1 379 717 -1 -1 -1 -1 -1 -1 578 407 228 493 290 -1 -1 685 -1 402 8 -1 -1 -1 138 -1 654 -1 -1 -1 455 517 78 771 518 743 812 396 423 222 -1 93 75 37 144 150 906 173 884 -1 592 250 152 -1 479 942 496 234 722 404 287
-1 29 179 -1 -1 49 621 443 -1 -1 -1 502 386 -1 474 154 -1 -1 -1 845 -1 -1 844 -1 25 -1 -1 -1 707 554 33 315 323 -1 -1 -1 -1 -1 -1 -1 474 -1 814 124 -1 -1 79 435 -1 -1 337 -1 -1 449 599 434 -1 234 261 280 394 200 303 872 552 105 -1 948 450 951 344 166 614 312 327 594 -1 218 905 479 -1 903 825 583 862 726 951
-1 -1 -1 -1 211 -1 -1 -1 -1 -1 -1 368 187 344 566 97 -1 684 -1 945 -1 177 -1 658 -1 -1 -1 -1 684 737 -1 -1 -1 38 -1 -1 -1 -1 -1 -1 651 -1 -1 -1 708 -1 840 -1 994 -1 485 81 689 -1 -1 649 -1 385 487 -1 -1 482 -1 -1 -1 119 -1 962 330 62 331 752 943 -1 233 768 873 918 258 942 903 -1 476 25 169 151 545
-1 -1 -1 -1 -1 676 -1 -1 401 -1 -1 -1 538 -1 -1 654 -1 -1 -1 761 -1 261 -1 -1 -1 -1 -1 53 -1 550 848 -1 -1 628 58 -1 2 -1 561 -1 869 663 -1 145 -1 106 953 -1 743 -1 573 -1 145 322 728 214 -1 771 263 -1 586 817 -1 337 16 835 143 -1 87 -1 420 856 102 269 739 374 56 102 561 496 825 476 -1 663 914 1000 525
-1 -1 -1 -1 -1 238 -1 577 69 -1 475 625 -1 -1 671 -1 -1 -1 257 -1 -1 758 -1 502 -1 -1 -1 -1 705 736 -1 -1 122 -1 782 995 85 -1 -1 451 930 -1 724 -1 365 -1 754 58 -1 -1 -1 912 174 -1 145 832 -1 478 -1 -1 -1 -1 964 -1 198 -1 620 -1 530 834 533 825 97 663 561 210 304 908 503 234 583 25 663 -1 137 160 747
149 694 -1 -1 -1 -1 -1 -1 512 -1 -1 -1 -1 978 -1 -1 -1 -1 -1 -1 -1 262 -1 -1 -1 -1 -1 -1 -1 693 675 -1 377 -1 -1 -1 -1 -1 -1 -1 109 -1 -1 267 747 -1 403 -1 -1 774 -1 -1 -1 -1 327 831 99 177 941 -1 822 -1 -1 -1 383 -1 -1 833 60 329 126 974 -1 197 500 264 367 345 287 722 862 169 914 137 -1 918 93
4 -1 68 623 -1 -1 -1 66 343 -1 -1 780 17 -1 722 167 660 -1 260 -1 -1 -1 256 668 -1 -1 645 -1 -1 -1 -1 686 -1 -1 538 850 -1 -1 327 442 -1 -1 -1 -1 -1 -1 -1 167 -1 -1 -1 -1 -1 -1 -1 388 22 557 -1 -1 130 121 877 712 -1 484 -1 497 772 61 101 913 -1 632 -1 823 982 886 436 404 726 151 1000 160 918 -1 141
789 13 -1 -1 706 -1 781 -1 -1 -1 -1 -1 965 -1 806 203 959 -1 797 -1 252 -1 552 -1 -1 -1 -1 -1 166 -1 120 -1 -1 -1 219 -1 559 -1 -1 -1 567 443 344 -1 392 -1 133 -1 27 835 -1 -1 -1 -1 920 -1 -1 -1 -1 506 113 951 892 -1 617 -1 921 581 324 -1 484 114 733 817 906 288 908 28 828 287 951 545 525 747 93 141 -1
