8
3 4 6 5 8 2 7
89 99 66 19 52 58 15 39
-1 750 330 -1 420 418 804 -1
750 -1 242 256 -1 -1 -1 321
330 242 -1 872 3 -1 846 820
-1 256 872 -1 892 -1 790 363
420 -1 3 892 -1 423 864 -1
418 -1 -1 -1 423 -1 121 85
804 -1 846 790 864 121 -1 51
-1 321 820 363 -1 85 51 -1
