16
10 8 13
74 26 79 60 96 74 23 19 50 50 27 79 64 8 88 57
-1 378 867 878 503 402 860 871 -1 202 918 151 439 452 338 747
378 -1 831 735 861 -1 600 -1 890 322 466 748 406 -1 -1 807
867 831 -1 850 800 433 772 919 -1 392 287 174 790 700 976 949
878 735 850 -1 157 -1 127 158 547 617 -1 417 921 138 705 39
503 861 800 157 -1 389 -1 28 704 342 948 919 786 48 95 446
402 -1 433 -1 389 -1 115 851 17 480 460 817 824 273 463 200
860 600 772 127 -1 115 -1 445 259 724 829 563 905 992 470 810
871 -1 919 158 28 851 445 -1 500 416 528 -1 388 369 427 385
-1 890 -1 547 704 17 259 500 -1 751 659 197 864 109 466 -1
202 322 392 617 342 480 724 416 751 -1 589 396 254 15 398 955
918 466 287 -1 948 460 829 528 659 589 -1 123 68 800 279 784
151 748 174 417 919 817 563 -1 197 396 123 -1 999 11 992 172
439 406 790 921 786 824 905 388 864 254 68 999 -1 648 979 92
452 -1 700 138 48 273 992 369 109 15 800 11 648 -1 809 850
338 -1 976 705 95 463 470 427 466 398 279 992 979 809 -1 259
747 807 949 39 446 200 810 385 -1 955 784 172 92 850 259 -1
