86
48 44 81 67 39 35 16 61 74 42 49 45 62 56 20 84 76 7 27 85 24 52 26 47 82 25 69 70 19 51 50 64 38 46 63 22 83 78 72 36 4 5 60 17 18 41
74 51 60 62 68 98 3 39 87 69 53 4 96 26 47 63 45 43 21 19 70 80 52 89 23 84 13 78 44 9 94 58 87 61 59 48 24 27 68 45 95 63 45 42 27 46 43 14 90 7 99 50 83 65 98 75 12 84 90 61 100 13 46 26 9 65 52 5 77 80 96 20 5 17 86 72 37 20 98 52 7 52 83 28 43 32
-1 -1 414 -1 -1 953 782 508 -1 284 -1 -1 -1 285 -1 -1 597 -1 -1 33 -1 -1 -1 69 -1 -1 826 626 14 -1 28 -1 -1 807 587 -1 563 602 947 -1 864 26 485 -1 -1 -1 360 -1 363 488 -1 566 937 42 668 290 203 532 419 347 732 -1 -1 248 -1 -1 -1 -1 -1 294 748 821 -1 -1 603 168 -1 -1 -1 795 823 -1 960 -1 -1 14
-1 -1 -1 772 -1 -1 -1 -1 -1 -1 713 398 820 541 212 -1 696 950 -1 -1 -1 -1 136 342 -1 -1 311 -1 -1 -1 86 574 393 310 -1 -1 552 -1 -1 936 764 -1 -1 321 -1 814 -1 -1 447 -1 705 843 86 546 676 -1 751 308 62 254 -1 552 883 760 -1 878 -1 774 -1 -1 506 -1 680 621 -1 507 398 187 458 -1 -1 421 48 -1 -1 -1
414 -1 -1 -1 -1 -1 -1 -1 -1 106 209 -1 374 -1 -1 274 -1 979 -1 767 872 -1 -1 789 429 -1 493 226 -1 122 366 -1 682 -1 -1 -1 384 -1 656 -1 -1 60 634 66 -1 124 -1 -1 947 -1 46 758 997 -1 -1 -1 185 -1 -1 716 13 -1 -1 -1 305 478 944 68 -1 -1 162 -1 36 -1 133 123 -1 -1 567 100 -1 571 -1 -1 -1 -1
-1 772 -1 -1 398 708 -1 -1 -1 746 730 -1 -1 -1 -1 -1 481 -1 32 -1 440 570 -1 996 344 -1 -1 164 -1 95 -1 -1 -1 477 999 -1 896 321 189 -1 76 750 -1 643 -1 230 171 -1 473 -1 819 -1 -1 -1 -1 -1 906 -1 587 695 -1 -1 -1 135 -1 -1 -1 -1 -1 262 -1 -1 -1 155 -1 -1 95 -1 -1 485 -1 616 473 244 410 -1
-1 -1 -1 398 -1 331 -1 -1 165 -1 -1 493 324 -1 -1 124 -1 -1 -1 -1 151 -1 -1 814 975 884 780 824 -1 -1 431 -1 546 -1 936 874 -1 -1 -1 -1 -1 -1 -1 349 -1 739 458 388 419 -1 -1 570 -1 946 993 301 -1 -1 -1 -1 936 -1 -1 860 -1 844 -1 407 -1 -1 539 307 18 -1 307 -1 -1 520 -1 984 305 -1 909 379 422 804
953 -1 -1 708 331 -1 558 -1 -1 -1 -1 -1 -1 842 181 -1 747 169 -1 -1 218 370 -1 -1 255 54 -1 -1 -1 484 -1 -1 -1 -1 -1 363 976 -1 645 -1 993 205 105 238 256 -1 615 732 -1 -1 -1 -1 751 -1 -1 236 410 -1 -1 -1 68 760 -1 -1 872 670 177 -1 862 885 821 -1 -1 -1 101 401 885 610 -1 797 647 919 443 847 570 561
782 -1 -1 -1 -1 558 -1 982 530 -1 -1 6 727 214 159 -1 -1 -1 686 -1 -1 344 -1 -1 629 873 635 970 544 -1 187 897 83 -1 -1 -1 -1 692 150 182 -1 848 922 -1 52 194 839 -1 762 -1 -1 773 95 175 953 41 916 -1 -1 -1 -1 110 274 483 -1 599 69 954 -1 -1 -1 771 822 76 142 338 -1 951 638 -1 -1 744 -1 266 206 996
508 -1 -1 -1 -1 -1 982 -1 -1 523 832 189 224 -1 195 531 -1 -1 224 182 -1 -1 303 -1 -1 521 176 -1 17 5 -1 -1 -1 -1 -1 347 969 913 -1 -1 -1 -1 -1 950 -1 574 31 152 -1 -1 -1 -1 447 -1 606 -1 -1 -1 422 748 383 712 -1 651 -1 339 180 -1 675 -1 11 -1 -1 -1 185 777 55 785 532 335 -1 10 -1 -1 770 -1
-1 -1 -1 -1 165 -1 530 -1 -1 -1 127 195 -1 -1 -1 -1 -1 -1 667 675 -1 -1 -1 -1 -1 -1 401 134 -1 -1 -1 717 377 -1 -1 933 -1 833 960 -1 -1 -1 706 -1 48 -1 -1 916 -1 176 -1 986 290 -1 -1 -1 895 925 -1 -1 541 518 93 343 50 -1 155 -1 -1 45 578 -1 797 960 -1 -1 -1 -1 -1 -1 -1 -1 -1 -1 473 511
284 -1 106 746 -1 -1 -1 523 -1 -1 2 749 -1 626 342 998 -1 -1 -1 976 784 -1 -1 87 -1 370 -1 -1 -1 -1 834 597 327 -1 -1 460 -1 525 23 -1 85 959 -1 -1 297 -1 149 -1 -1 263 -1 998 -1 177 -1 -1 -1 -1 -1 351 79 -1 -1 -1 696 -1 -1 -1 -1 545 2 680 -1 573 697 940 231 -1 -1 -1 -1 -1 -1 646 793 -1
-1 713 209 730 -1 -1 -1 832 127 2 -1 -1 -1 457 73 -1 -1 -1 -1 -1 -1 -1 -1 -1 35 983 -1 253 -1 688 -1 44 -1 472 -1 -1 976 -1 640 300 100 390 -1 458 520 118 -1 -1 -1 794 639 720 765 996 -1 -1 -1 -1 321 -1 -1 148 457 843 85 800 912 552 983 -1 -1 -1 171 765 -1 -1 931 968 953 710 -1 943 821 601 -1 -1
-1 398 -1 -1 493 -1 6 189 195 749 -1 -1 673 21 215 -1 227 -1 616 -1 603 541 122 731 960 -1 85 -1 955 337 -1 -1 -1 -1 -1 -1 164 472 -1 136 725 -1 939 48 339 -1 738 -1 611 725 -1 -1 -1 402 -1 594 712 185 -1 882 808 -1 -1 656 -1 49 -1 93 577 600 -1 107 959 -1 591 801 -1 -1 -1 36 -1 -1 841 -1 -1 435
-1 820 374 -1 324 -1 727 224 -1 -1 -1 673 -1 -1 825 -1 -1 -1 -1 -1 766 -1 -1 12 765 -1 -1 -1 -1 867 858 213 950 -1 73 881 -1 875 -1 -1 232 -1 -1 504 -1 943 496 -1 175 -1 263 -1 64 -1 952 -1 -1 -1 576 127 -1 754 199 486 48 -1 109 572 -1 545 -1 126 770 690 -1 897 -1 -1 732 -1 564 592 523 -1 490 15
285 541 -1 -1 -1 842 214 -1 -1 626 457 21 -1 -1 -1 812 462 289 -1 424 541 -1 533 -1 512 919 -1 40 -1 443 951 -1 -1 -1 -1 -1 -1 154 44 244 -1 38 705 -1 -1 -1 179 456 771 783 -1 14 300 539 587 390 383 -1 682 -1 -1 614 -1 130 595 -1 150 -1 -1 496 -1 306 783 -1 869 -1 528 -1 -1 729 900 87 64 -1 942 -1
-1 212 -1 -1 -1 181 159 195 -1 342 73 215 825 -1 -1 -1 822 -1 -1 -1 828 -1 923 128 80 -1 -1 -1 -1 -1 -1 -1 -1 221 808 -1 -1 53 550 -1 678 -1 88 530 -1 576 -1 154 44 477 -1 354 -1 -1 -1 411 477 -1 -1 -1 777 342 574 685 -1 662 -1 -1 -1 -1 813 -1 -1 679 332 -1 391 377 -1 196 326 -1 -1 289 835 838
-1 -1 274 -1 124 -1 -1 531 -1 998 -1 -1 -1 812 -1 -1 -1 -1 -1 -1 -1 414 196 692 -1 462 545 512 646 219 985 526 -1 -1 -1 345 577 576 -1 -1 -1 949 979 283 269 761 -1 -1 367 -1 -1 967 -1 224 199 -1 295 -1 -1 607 -1 -1 -1 684 409 219 -1 178 727 -1 -1 -1 -1 -1 -1 256 -1 359 480 842 -1 -1 963 -1 983 939
597 696 -1 481 -1 747 -1 -1 -1 -1 -1 227 -1 462 822 -1 -1 867 -1 -1 228 594 727 -1 425 -1 186 586 -1 944 -1 -1 136 733 -1 959 180 -1 -1 234 -1 -1 992 -1 669 -1 -1 120 387 -1 -1 -1 700 -1 -1 -1 210 -1 -1 579 20 -1 -1 -1 978 401 -1 496 -1 876 777 774 -1 453 975 571 397 911 -1 -1 -1 282 823 670 275 526
-1 950 979 -1 -1 169 -1 -1 -1 -1 -1 -1 -1 289 -1 -1 867 -1 -1 816 -1 -1 -1 -1 842 591 696 -1 916 -1 -1 -1 -1 -1 -1 261 -1 549 -1 399 319 865 946 -1 164 941 -1 324 -1 -1 -1 -1 -1 880 547 700 769 228 -1 313 401 4 701 118 -1 -1 -1 -1 -1 719 858 -1 -1 936 -1 843 414 660 473 45 611 539 -1 -1 -1 -1
-1 -1 -1 32 -1 -1 686 224 667 -1 -1 616 -1 -1 -1 -1 -1 -1 -1 590 -1 468 -1 -1 -1 98 941 -1 997 249 -1 -1 -1 604 278 -1 978 353 -1 410 420 -1 685 -1 -1 392 -1 742 -1 876 -1 722 151 80 -1 654 -1 84 -1 256 541 505 211 615 -1 246 -1 866 104 914 227 716 473 -1 -1 -1 -1 44 976 302 -1 627 -1 925 492 -1
33 -1 767 -1 -1 -1 -1 182 675 976 -1 -1 -1 424 -1 -1 -1 816 590 -1 -1 541 907 725 -1 836 -1 474 971 473 -1 896 20 162 316 267 -1 866 -1 846 -1 -1 431 717 -1 -1 -1 216 370 611 -1 936 -1 -1 448 -1 862 709 213 381 693 403 -1 -1 -1 308 301 -1 860 -1 -1 -1 806 38 -1 767 -1 411 191 947 181 275 623 254 271 852
-1 -1 872 440 151 218 -1 -1 -1 784 -1 603 766 541 828 -1 228 -1 -1 -1 -1 411 470 -1 -1 987 719 771 -1 396 -1 415 414 -1 -1 134 347 -1 -1 698 -1 680 -1 -1 366 441 316 899 -1 438 -1 674 -1 59 -1 503 433 282 -1 205 -1 -1 27 142 578 890 -1 870 300 -1 295 358 764 -1 927 288 -1 -1 819 293 -1 -1 980 -1 -1 259
-1 -1 -1 570 -1 370 344 -1 -1 -1 -1 541 -1 -1 -1 414 594 -1 468 541 411 -1 739 -1 -1 656 647 -1 477 273 5 -1 875 195 909 207 277 -1 -1 955 -1 282 289 582 -1 645 930 -1 79 -1 -1 -1 -1 -1 -1 745 -1 548 177 203 148 720 -1 726 754 -1 635 124 -1 250 685 587 -1 66 -1 782 146 660 67 558 -1 641 482 504 -1 662
-1 136 -1 -1 -1 -1 -1 303 -1 -1 -1 122 -1 533 923 196 727 -1 -1 907 470 739 -1 369 -1 58 601 19 -1 81 789 796 248 -1 555 -1 943 240 -1 -1 371 665 831 498 198 -1 250 817 80 -1 203 -1 -1 515 233 866 -1 -1 664 -1 327 559 -1 961 -1 646 -1 167 -1 770 809 -1 203 897 -1 -1 262 -1 -1 984 -1 180 -1 -1 -1 -1
69 342 789 996 814 -1 -1 -1 -1 87 -1 731 12 -1 128 692 -1 -1 -1 725 -1 -1 369 -1 -1 681 -1 -1 511 28 674 -1 -1 477 947 443 380 193 984 932 -1 188 990 626 318 763 -1 215 291 -1 311 251 -1 92 711 818 18 -1 47 547 -1 -1 -1 720 -1 -1 746 565 336 7 523 912 -1 165 379 386 221 654 -1 -1 876 -1 -1 560 -1 556
-1 -1 429 344 975 255 629 -1 -1 -1 35 960 765 512 80 -1 425 842 -1 -1 -1 -1 -1 -1 -1 855 -1 654 292 -1 215 889 768 -1 315 170 -1 -1 62 352 -1 879 969 157 461 -1 977 -1 -1 635 886 646 204 374 357 -1 -1 -1 -1 526 420 415 721 -1 -1 655 714 638 -1 -1 -1 31 648 610 915 331 179 792 -1 -1 -1 941 601 115 -1 297
-1 -1 -1 -1 884 54 873 521 -1 370 983 -1 -1 919 -1 462 -1 591 98 836 987 656 58 681 855 -1 119 -1 300 656 -1 214 -1 -1 -1 -1 640 334 -1 -1 -1 411 356 -1 896 -1 -1 274 601 212 945 766 -1 733 714 81 403 -1 -1 125 -1 202 -1 828 340 570 220 -1 569 -1 -1 591 171 -1 35 38 -1 -1 609 715 -1 -1 -1 371 -1 -1
826 311 493 -1 780 -1 635 176 401 -1 -1 85 -1 -1 -1 545 186 696 941 -1 719 647 601 -1 -1 119 -1 854 -1 -1 930 790 409 312 339 610 -1 -1 534 296 125 -1 101 -1 512 597 -1 -1 -1 643 252 -1 220 354 774 -1 -1 706 418 -1 386 -1 178 193 -1 24 248 245 608 824 -1 958 589 489 -1 681 208 -1 -1 501 -1 501 -1 -1 -1 -1
626 -1 226 164 824 -1 970 -1 134 -1 253 -1 -1 40 -1 512 586 -1 -1 474 771 -1 19 -1 654 -1 854 -1 302 -1 -1 966 -1 -1 187 438 485 -1 -1 -1 532 -1 -1 -1 713 497 -1 -1 503 -1 678 -1 -1 470 61 -1 775 707 476 190 188 64 331 814 583 1000 -1 930 754 583 -1 484 256 812 469 508 960 361 -1 -1 -1 908 -1 80 880 -1
14 -1 -1 -1 -1 -1 544 17 -1 -1 -1 955 -1 -1 -1 646 -1 916 997 971 -1 477 -1 511 292 300 -1 302 -1 100 173 552 814 189 109 -1 850 -1 -1 -1 191 149 -1 1 -1 -1 670 231 -1 960 -1 616 123 -1 -1 -1 -1 798 439 -1 -1 30 274 445 96 381 -1 318 -1 748 -1 411 -1 -1 312 -1 221 -1 -1 639 -1 100 25 -1 400 -1
-1 -1 122 95 -1 484 -1 5 -1 -1 688 337 867 443 -1 219 944 -1 249 473 396 273 81 28 -1 656 -1 -1 100 -1 733 871 360 -1 -1 14 423 864 -1 316 -1 -1 354 -1 -1 996 -1 -1 826 929 43 661 -1 643 992 681 -1 104 -1 539 -1 -1 -1 -1 465 61 936 466 637 123 888 -1 -1 733 769 212 -1 262 -1 -1 750 277 -1 516 18 -1
28 86 366 -1 431 -1 187 -1 -1 834 -1 -1 858 951 -1 985 -1 -1 -1 -1 -1 5 789 674 215 -1 930 -1 173 733 -1 111 -1 -1 191 210 500 271 827 413 377 494 26 -1 466 817 293 90 -1 648 -1 204 -1 -1 594 -1 852 653 -1 558 133 -1 744 -1 559 819 374 897 -1 754 554 -1 935 818 -1 278 837 434 783 786 -1 458 239 -1 -1 636
-1 574 -1 -1 -1 -1 897 -1 717 597 44 -1 213 -1 -1 526 -1 -1 -1 896 415 -1 796 -1 889 214 790 966 552 871 111 -1 502 312 86 -1 889 148 -1 426 148 682 968 -1 529 482 302 502 -1 -1 501 290 379 519 -1 -1 567 -1 370 202 845 745 -1 684 917 648 326 96 294 568 348 -1 -1 627 -1 -1 -1 -1 794 -1 -1 -1 394 887 709 832
-1 393 682 -1 546 -1 83 -1 377 327 -1 -1 950 -1 -1 -1 136 -1 -1 20 414 875 248 -1 768 -1 409 -1 814 360 -1 502 -1 785 -1 474 -1 -1 -1 61 928 -1 918 -1 43 -1 52 -1 -1 894 25 323 -1 680 927 -1 -1 -1 794 81 71 823 261 -1 -1 971 861 200 -1 636 177 -1 807 76 -1 666 820 42 553 565 671 -1 943 746 -1 44
807 310 -1 477 -1 -1 -1 -1 -1 -1 472 -1 -1 -1 221 -1 733 -1 604 162 -1 195 -1 477 -1 -1 312 -1 189 -1 -1 312 785 -1 603 831 -1 57 681 725 398 74 429 823 458 968 353 -1 -1 -1 -1 -1 440 418 505 671 93 -1 319 -1 717 -1 743 189 410 -1 426 875 -1 -1 -1 791 548 701 -1 527 722 -1 -1 -1 624 -1 -1 320 193 -1
587 -1 -1 999 936 -1 -1 -1 -1 -1 -1 -1 73 -1 808 -1 -1 -1 278 316 -1 909 555 947 315 -1 339 187 109 -1 191 86 -1 603 -1 893 420 589 -1 -1 -1 414 -1 -1 232 467 -1 311 343 403 951 768 -1 -1 498 -1 -1 443 192 -1 889 448 -1 232 766 161 -1 316 881 -1 46 470 437 736 900 691 -1 339 159 -1 507 886 990 -1 -1 -1
-1 -1 -1 -1 874 363 -1 347 933 460 -1 -1 881 -1 -1 345 959 261 -1 267 134 207 -1 443 170 -1 610 438 -1 14 210 -1 474 831 893 -1 144 443 843 -1 132 -1 519 307 -1 696 294 -1 -1 416 229 -1 -1 833 466 -1 810 -1 -1 -1 694 512 -1 -1 986 244 405 684 -1 453 -1 143 -1 -1 335 -1 675 157 -1 709 609 382 515 357 -1 -1
563 552 384 896 -1 976 -1 969 -1 -1 976 164 -1 -1 -1 577 180 -1 978 -1 347 277 943 380 -1 640 -1 485 850 423 500 889 -1 -1 420 144 -1 809 875 759 769 319 943 792 811 835 513 524 187 289 890 -1 249 357 881 -1 136 133 -1 -1 880 -1 468 68 -1 537 -1 -1 972 704 42 329 -1 -1 176 -1 726 323 275 648 95 714 877 137 715 304
602 -1 -1 321 -1 -1 692 913 833 525 -1 472 875 154 53 576 -1 549 353 866 -1 -1 240 193 -1 334 -1 -1 -1 864 271 148 -1 57 589 443 809 -1 572 -1 194 -1 190 259 306 -1 -1 58 465 59 773 66 -1 890 995 916 209 755 974 564 -1 -1 -1 404 484 594 40 552 117 827 -1 19 267 341 339 902 909 14 -1 844 96 775 157 -1 59 38
947 -1 656 189 -1 645 150 -1 960 23 640 -1 -1 44 550 -1 -1 -1 -1 -1 -1 -1 -1 984 62 -1 534 -1 -1 -1 827 -1 -1 681 -1 843 875 572 -1 -1 34 981 619 -1 821 -1 30 836 537 -1 163 -1 -1 -1 975 61 661 -1 603 891 95 -1 344 57 184 -1 -1 835 834 909 -1 500 231 -1 -1 511 562 -1 183 706 107 197 -1 544 -1 920
-1 936 -1 -1 -1 -1 182 -1 -1 -1 300 136 -1 244 -1 -1 234 399 410 846 698 955 -1 932 352 -1 296 -1 -1 316 413 426 61 725 -1 -1 759 -1 -1 -1 -1 158 109 342 -1 370 686 -1 405 299 703 895 177 60 24 244 388 778 -1 679 995 942 982 -1 -1 -1 -1 773 61 101 -1 191 -1 -1 882 739 770 719 740 711 -1 898 -1 -1 -1 -1
864 764 -1 76 -1 993 -1 -1 -1 85 100 725 232 -1 678 -1 -1 319 420 -1 -1 -1 371 -1 -1 -1 125 532 191 -1 377 148 928 398 -1 132 769 194 34 -1 -1 308 82 -1 592 643 790 51 115 340 608 122 -1 449 241 -1 921 820 263 -1 -1 751 859 249 -1 -1 -1 -1 299 480 471 351 -1 -1 -1 392 -1 -1 -1 886 513 469 -1 817 992 805
26 -1 60 750 -1 205 848 -1 -1 959 390 -1 -1 38 -1 949 -1 865 -1 -1 680 282 665 188 879 411 -1 -1 149 -1 494 682 -1 74 414 -1 319 -1 981 158 308 -1 477 312 407 133 -1 613 -1 735 310 -1 9 795 -1 42 327 -1 985 914 148 -1 314 -1 356 -1 349 -1 654 -1 897 -1 -1 -1 -1 819 -1 32 660 -1 961 494 607 -1 581 194
485 -1 634 -1 -1 105 922 -1 706 -1 -1 939 -1 705 88 979 992 946 685 431 -1 289 831 990 969 356 101 -1 -1 354 26 968 918 429 -1 519 943 190 619 109 82 477 -1 240 552 -1 98 996 978 -1 691 -1 328 352 -1 -1 414 342 598 19 -1 -1 -1 145 604 279 242 -1 343 67 662 350 -1 883 -1 -1 613 -1 360 34 952 -1 203 573 482 -1
-1 321 66 643 349 238 -1 950 -1 -1 458 48 504 -1 530 283 -1 -1 -1 717 -1 582 498 626 157 -1 -1 -1 1 -1 -1 -1 -1 823 -1 307 792 259 -1 342 -1 312 240 -1 111 -1 439 -1 783 701 289 -1 833 734 582 611 308 642 668 -1 -1 306 -1 236 704 700 321 -1 731 284 -1 85 740 -1 221 843 118 -1 359 148 -1 460 572 -1 -1 888
-1 -1 -1 -1 -1 256 52 -1 48 297 520 339 -1 -1 -1 269 669 164 -1 -1 366 -1 198 318 461 896 512 713 -1 -1 466 529 43 458 232 -1 811 306 821 -1 592 407 552 111 -1 -1 561 201 -1 455 167 729 374 5 805 92 980 789 -1 528 425 432 148 420 548 -1 152 728 567 -1 460 162 497 -1 60 -1 -1 19 -1 -1 836 -1 -1 368 169 449
-1 814 124 230 739 -1 194 574 -1 -1 118 -1 943 -1 576 761 -1 941 392 -1 441 645 -1 763 -1 -1 597 497 -1 996 817 482 -1 968 467 696 835 -1 -1 370 643 133 -1 -1 -1 -1 241 102 750 -1 66 453 879 414 848 -1 875 410 534 207 392 -1 -1 773 1000 64 94 329 469 315 872 -1 -1 263 -1 850 449 669 418 209 792 588 851 5 265 627
360 -1 -1 171 458 615 839 31 -1 149 -1 738 496 179 -1 -1 -1 -1 -1 -1 316 930 250 -1 977 -1 -1 -1 670 -1 293 302 52 353 -1 294 513 -1 30 686 790 -1 98 439 561 241 -1 337 439 453 937 417 -1 196 215 594 -1 179 637 835 -1 -1 -1 942 -1 -1 -1 879 -1 -1 511 28 632 614 749 -1 488 813 19 772 125 27 -1 -1 269 -1
-1 -1 -1 -1 388 732 -1 152 916 -1 -1 -1 -1 456 154 -1 120 324 742 216 899 -1 817 215 -1 274 -1 -1 231 -1 90 502 -1 -1 311 -1 524 58 836 -1 51 613 996 -1 201 102 337 -1 -1 75 400 950 -1 421 755 193 981 327 421 889 -1 325 -1 751 28 298 750 -1 577 704 -1 594 240 921 334 901 -1 -1 130 646 -1 -1 386 143 587 172
363 447 947 473 419 -1 762 -1 -1 -1 -1 611 175 771 44 367 387 -1 -1 370 -1 79 80 291 -1 601 -1 503 -1 826 -1 -1 -1 -1 343 -1 187 465 537 405 115 -1 978 783 -1 750 439 -1 -1 462 503 964 406 -1 65 918 626 932 647 441 45 -1 367 137 -1 708 603 84 825 836 248 902 412 704 995 737 -1 303 620 504 426 7 950 530 336 53
488 -1 -1 -1 -1 -1 -1 -1 176 263 794 725 -1 783 477 -1 -1 -1 876 611 438 -1 -1 -1 635 212 643 -1 960 929 648 -1 894 -1 403 416 289 59 -1 299 340 735 -1 701 455 -1 453 75 462 -1 411 -1 185 63 34 890 995 383 212 -1 892 56 229 606 974 -1 637 12 233 306 938 -1 -1 694 528 949 658 -1 56 522 -1 936 -1 -1 343 -1
-1 705 46 819 -1 -1 -1 -1 -1 -1 639 -1 263 -1 -1 -1 -1 -1 -1 -1 -1 -1 203 311 886 945 252 678 -1 43 -1 501 25 -1 951 229 890 773 163 703 608 310 691 289 167 66 937 400 503 411 -1 58 529 66 -1 385 373 472 305 579 -1 -1 407 503 936 124 -1 770 565 933 -1 518 634 -1 999 984 543 798 -1 661 581 691 -1 113 852 840
566 843 758 -1 570 -1 773 -1 986 998 720 -1 -1 14 354 967 -1 -1 722 936 674 -1 -1 251 646 766 -1 -1 616 661 204 290 323 -1 768 -1 -1 66 -1 895 122 -1 -1 -1 729 453 417 950 964 -1 58 -1 653 127 685 860 973 -1 909 788 315 5 -1 658 -1 524 489 131 775 301 527 -1 178 24 324 910 -1 494 647 -1 457 -1 900 981 -1 175
937 86 997 -1 -1 751 95 447 290 -1 765 -1 64 300 -1 -1 700 -1 151 -1 -1 -1 -1 -1 204 -1 220 -1 123 -1 -1 379 -1 440 -1 -1 249 -1 -1 177 -1 9 328 833 374 879 -1 -1 406 185 529 653 -1 766 -1 974 499 805 985 558 491 -1 -1 963 472 167 -1 945 281 213 306 -1 178 181 152 114 110 177 794 324 -1 976 901 869 504 204
42 546 -1 -1 946 -1 175 -1 -1 177 996 402 -1 539 -1 224 -1 880 80 -1 59 -1 515 92 374 733 354 470 -1 643 -1 519 680 418 -1 833 357 890 -1 60 449 795 352 734 5 414 196 421 -1 63 66 127 766 -1 9 775 -1 55 121 -1 424 466 -1 -1 29 808 961 -1 -1 531 873 472 -1 126 246 -1 270 -1 263 320 334 597 765 868 129 -1
668 676 -1 -1 993 -1 953 606 -1 -1 -1 -1 952 587 -1 199 -1 547 -1 448 -1 -1 233 711 357 714 774 61 -1 992 594 -1 927 505 498 466 881 995 975 24 241 -1 -1 582 805 848 215 755 65 34 -1 685 -1 9 -1 317 704 752 723 478 425 -1 265 392 285 855 244 244 278 648 135 319 970 713 356 -1 -1 834 -1 106 -1 -1 254 75 539 -1
290 -1 -1 -1 301 236 41 -1 -1 -1 -1 594 -1 390 411 -1 -1 700 654 -1 503 745 866 818 -1 81 -1 -1 -1 681 -1 -1 -1 671 -1 -1 -1 916 61 244 -1 42 -1 611 92 -1 594 193 918 890 385 860 974 775 317 -1 976 21 -1 893 383 787 163 681 463 318 370 206 308 917 283 448 -1 253 578 -1 138 19 201 -1 379 99 761 997 65 367
203 751 185 906 -1 410 916 -1 895 -1 -1 712 -1 383 477 295 210 769 -1 862 433 -1 -1 18 -1 403 -1 775 -1 -1 852 567 -1 93 -1 810 136 209 661 388 921 327 414 308 980 875 -1 981 626 995 373 973 499 -1 704 976 -1 614 -1 963 110 453 303 -1 859 590 282 515 905 -1 311 759 505 486 496 707 86 138 577 592 344 766 -1 525 450 531
532 308 -1 -1 -1 -1 -1 -1 925 -1 -1 185 -1 -1 -1 -1 -1 228 84 709 282 548 -1 -1 -1 -1 706 707 798 104 653 -1 -1 -1 443 -1 133 755 -1 778 820 -1 342 642 789 410 179 327 932 383 472 -1 805 55 752 21 614 -1 17 6 -1 -1 795 752 -1 494 252 993 609 146 25 470 265 58 -1 368 607 704 475 110 524 -1 719 687 982 225
419 62 -1 587 -1 -1 -1 422 -1 -1 321 -1 576 682 -1 -1 -1 -1 -1 213 -1 177 664 47 -1 -1 418 476 439 -1 -1 370 794 319 192 -1 -1 974 603 -1 263 985 598 668 -1 534 637 421 647 212 305 909 985 121 723 -1 -1 17 -1 739 -1 921 120 925 105 683 -1 107 181 72 311 706 955 707 -1 18 404 655 453 281 937 50 -1 258 545 798
347 254 716 695 -1 -1 -1 748 -1 351 -1 882 127 -1 -1 607 579 313 256 381 205 203 -1 547 526 125 -1 190 -1 539 558 202 81 -1 -1 -1 -1 564 891 679 -1 914 19 -1 528 207 835 889 441 -1 579 788 558 -1 478 893 963 6 739 -1 171 166 64 314 44 313 713 -1 322 578 997 18 -1 838 556 369 7 282 282 312 457 386 747 319 820 781
732 -1 13 -1 936 68 -1 383 541 79 -1 808 -1 -1 777 -1 20 401 541 693 -1 148 327 -1 420 -1 386 188 -1 -1 133 845 71 717 889 694 880 -1 95 995 -1 148 -1 -1 425 392 -1 -1 45 892 -1 315 491 424 425 383 110 -1 -1 171 -1 210 -1 846 312 655 459 166 53 783 263 507 582 826 722 487 65 -1 540 403 513 207 784 960 8 117
-1 552 -1 -1 -1 760 110 712 518 -1 148 -1 754 614 342 -1 -1 4 505 403 -1 720 559 -1 415 202 -1 64 30 -1 -1 745 823 -1 448 512 -1 -1 -1 942 751 -1 -1 306 432 -1 -1 325 -1 56 -1 5 -1 466 -1 787 453 -1 921 166 210 -1 322 877 960 201 829 26 933 679 562 571 719 923 805 -1 411 65 -1 557 283 37 336 671 217 731
-1 883 -1 -1 -1 -1 274 -1 93 -1 457 -1 199 -1 574 -1 -1 701 211 -1 27 -1 -1 -1 721 -1 178 331 274 -1 744 -1 261 743 -1 -1 468 -1 344 982 859 314 -1 -1 148 -1 -1 -1 367 229 407 -1 -1 -1 265 163 303 795 120 64 -1 322 -1 419 529 341 631 508 999 620 731 927 877 -1 301 514 726 390 214 268 399 571 499 308 672 -1
248 760 -1 135 860 -1 483 651 343 -1 843 656 486 130 685 684 -1 118 615 -1 142 726 961 720 -1 828 193 814 445 -1 -1 684 -1 189 232 -1 68 404 57 -1 249 -1 145 236 420 773 942 751 137 606 503 658 963 -1 392 681 -1 752 925 314 846 877 419 -1 425 71 591 814 932 925 527 366 633 587 294 652 -1 -1 -1 459 258 206 764 550 368 229
-1 -1 305 -1 -1 872 -1 -1 50 696 85 -1 48 595 -1 409 978 -1 -1 -1 578 754 -1 -1 -1 340 -1 583 96 465 559 917 -1 410 766 986 -1 484 184 -1 -1 356 604 704 548 1000 -1 28 -1 974 936 -1 472 29 285 463 859 -1 105 44 312 960 529 425 -1 888 650 699 943 13 977 623 133 312 552 939 748 417 884 -1 903 970 215 315 98 852
-1 878 478 -1 844 670 599 339 -1 -1 800 49 -1 -1 662 219 401 -1 246 308 890 -1 646 -1 655 570 24 1000 381 61 819 648 971 -1 161 244 537 594 -1 -1 -1 -1 279 700 -1 64 -1 298 708 -1 124 524 167 808 855 318 590 494 683 313 655 201 341 71 888 -1 78 146 475 88 465 457 180 91 69 720 650 351 437 116 620 967 929 769 240 713
-1 -1 944 -1 -1 177 69 180 155 -1 912 -1 109 150 -1 -1 -1 -1 -1 301 -1 635 -1 746 714 220 248 -1 -1 936 374 326 861 426 -1 405 -1 40 -1 -1 -1 349 242 321 152 94 -1 750 603 637 -1 489 -1 961 244 370 282 252 -1 713 459 829 631 591 650 78 -1 361 941 845 405 384 119 686 113 200 789 352 889 245 621 93 285 240 185 892
-1 774 68 -1 407 -1 954 -1 -1 -1 552 93 572 -1 -1 178 496 -1 866 -1 870 124 167 565 638 -1 245 930 318 466 897 96 200 875 316 684 -1 552 835 773 -1 -1 -1 -1 728 329 879 -1 84 12 770 131 945 -1 244 206 515 993 107 -1 166 26 508 814 699 146 361 -1 158 -1 664 535 630 580 727 87 391 277 449 916 137 -1 40 298 113 609
-1 -1 -1 -1 -1 862 -1 675 -1 -1 983 577 -1 -1 -1 727 -1 -1 104 860 300 -1 -1 336 -1 569 608 754 -1 637 -1 294 -1 -1 881 -1 972 117 834 61 299 654 343 731 567 469 -1 577 825 233 565 775 281 -1 278 308 905 609 181 322 53 933 999 932 943 475 941 158 -1 606 432 805 119 570 945 797 392 682 472 86 612 657 850 432 496 959
294 -1 -1 262 -1 885 -1 -1 45 545 -1 600 545 496 -1 -1 876 719 914 -1 -1 250 770 7 -1 -1 824 583 748 123 754 568 636 -1 -1 453 704 827 909 101 480 -1 67 284 -1 315 -1 704 836 306 933 301 213 531 648 917 -1 146 72 578 783 679 620 925 13 88 845 -1 606 -1 782 443 716 380 416 978 555 206 633 592 853 393 777 612 584 596
748 506 162 -1 539 821 -1 11 578 2 -1 -1 -1 -1 813 -1 777 858 227 -1 295 685 809 523 -1 -1 -1 -1 -1 888 554 348 177 -1 46 -1 42 -1 -1 -1 471 897 662 -1 460 872 511 -1 248 938 -1 527 306 873 135 283 311 25 311 997 263 562 731 527 977 465 405 664 432 782 -1 470 553 575 421 683 191 656 698 767 986 19 770 814 471 107
821 -1 -1 -1 307 -1 771 -1 -1 680 -1 107 126 306 -1 -1 774 -1 716 -1 358 587 -1 912 31 591 958 484 411 -1 -1 -1 -1 791 470 143 329 19 500 191 351 -1 350 85 162 -1 28 594 902 -1 518 -1 -1 472 319 448 759 470 706 18 507 571 927 366 623 457 384 535 805 443 470 -1 49 94 699 722 212 696 534 638 292 326 244 128 703 945
-1 680 36 -1 18 -1 822 -1 797 -1 171 959 770 783 -1 -1 -1 -1 473 806 764 -1 203 -1 648 171 589 256 -1 -1 935 -1 807 548 437 -1 -1 267 231 -1 -1 -1 -1 740 497 -1 632 240 412 -1 634 178 178 -1 970 -1 505 265 955 -1 582 719 877 633 133 180 119 630 119 716 553 49 -1 712 774 177 914 997 921 898 739 104 436 765 -1 608
-1 621 -1 155 -1 -1 76 -1 960 573 765 -1 690 -1 679 -1 453 936 -1 38 -1 66 897 165 610 -1 489 812 -1 733 818 627 76 701 736 -1 -1 341 -1 -1 -1 -1 883 -1 -1 263 614 921 704 694 -1 24 181 126 713 253 486 58 707 838 826 923 -1 587 312 91 686 580 570 380 575 94 712 -1 275 129 296 282 -1 599 56 943 193 315 958 750
603 -1 133 -1 307 101 142 185 -1 697 -1 591 -1 869 332 -1 975 -1 -1 -1 927 -1 -1 379 915 35 -1 469 312 769 -1 -1 -1 -1 900 335 176 339 -1 882 -1 -1 -1 221 60 -1 749 334 995 528 999 324 152 246 356 578 496 -1 -1 556 722 805 301 294 552 69 113 727 945 416 421 699 774 275 -1 395 956 423 875 225 163 487 700 409 896 567
168 507 123 -1 -1 401 338 777 -1 940 -1 801 897 -1 -1 256 571 843 -1 767 288 782 -1 386 331 38 681 508 -1 212 278 -1 666 527 691 -1 -1 902 511 739 392 819 -1 843 -1 850 -1 901 737 949 984 910 114 -1 -1 -1 707 368 18 369 487 -1 514 652 939 720 200 87 797 978 683 722 177 129 395 -1 684 153 764 215 794 716 606 357 858 37
-1 398 -1 95 -1 885 -1 55 -1 231 931 -1 -1 528 391 -1 397 414 -1 -1 -1 146 262 221 179 -1 208 960 221 -1 837 -1 820 722 -1 675 726 909 562 770 -1 -1 613 118 -1 449 488 -1 -1 658 543 -1 110 270 -1 138 86 607 404 7 65 411 726 -1 748 650 789 391 392 555 191 212 914 296 956 684 -1 499 962 301 996 22 134 484 739 579
-1 187 -1 -1 520 610 951 785 -1 -1 968 -1 -1 -1 377 359 911 660 44 411 -1 660 -1 654 792 -1 -1 361 -1 262 434 -1 42 -1 339 157 323 14 -1 719 -1 32 -1 -1 19 669 813 -1 303 -1 798 494 177 -1 834 19 138 704 655 282 -1 65 390 -1 417 351 352 277 682 206 656 696 997 282 423 153 499 -1 553 472 12 710 358 783 217 52
-1 458 567 -1 -1 -1 638 532 -1 -1 953 -1 732 -1 -1 480 -1 473 976 191 819 67 -1 -1 -1 609 -1 -1 -1 -1 783 794 553 -1 159 -1 275 -1 183 740 -1 660 360 359 -1 418 19 130 620 56 -1 647 794 263 -1 201 577 475 453 282 540 -1 214 -1 884 437 889 449 472 633 698 534 921 -1 875 764 962 553 -1 755 84 899 723 531 265 951
795 -1 100 485 984 797 -1 335 -1 -1 710 36 -1 729 196 842 -1 45 302 947 293 558 984 -1 -1 715 501 -1 639 -1 786 -1 565 -1 -1 709 648 844 706 711 886 -1 34 148 -1 209 772 646 504 522 661 -1 324 320 106 -1 592 110 281 312 403 557 268 459 -1 116 245 916 86 592 767 638 898 599 225 215 301 472 755 -1 126 119 739 865 765 511
823 -1 -1 -1 305 647 -1 -1 -1 -1 -1 -1 564 900 326 -1 -1 611 -1 181 -1 -1 -1 876 -1 -1 -1 -1 -1 750 -1 -1 671 624 507 609 95 96 107 -1 513 961 952 -1 836 792 125 -1 426 -1 581 457 -1 334 -1 379 344 524 937 457 513 283 399 258 903 620 621 137 612 853 986 292 739 56 163 794 996 12 84 126 -1 870 614 349 777 202
-1 421 571 616 -1 919 744 10 -1 -1 943 -1 592 87 -1 -1 282 539 627 275 -1 641 180 -1 941 -1 501 908 100 277 458 -1 -1 -1 886 382 714 775 197 898 469 494 -1 460 -1 588 27 -1 7 936 691 -1 976 597 -1 99 766 -1 50 386 207 37 571 206 970 967 93 -1 657 393 19 326 104 943 487 716 22 710 899 119 870 -1 488 476 369 107
960 48 -1 473 909 443 -1 -1 -1 -1 821 841 523 64 -1 963 823 -1 -1 623 980 482 -1 -1 601 -1 -1 -1 25 -1 239 394 943 -1 990 515 877 157 -1 -1 -1 607 203 572 -1 851 -1 386 950 -1 -1 900 901 765 254 761 -1 719 -1 747 784 336 499 764 215 929 285 40 850 777 770 244 436 193 700 606 134 358 723 739 614 488 -1 469 400 658
-1 -1 -1 244 379 847 266 -1 -1 646 601 -1 -1 -1 289 -1 670 -1 925 254 -1 504 -1 560 115 371 -1 80 -1 516 -1 887 746 320 -1 357 137 -1 544 -1 817 -1 573 -1 368 5 -1 143 530 -1 113 981 869 868 75 997 525 687 258 319 960 671 308 550 315 769 240 298 432 612 814 128 765 315 409 357 484 783 531 865 349 476 469 -1 936 704
-1 -1 -1 410 422 570 206 770 473 793 -1 -1 490 942 835 983 275 -1 492 271 -1 -1 -1 -1 -1 -1 -1 880 400 18 -1 709 -1 193 -1 -1 715 59 -1 -1 992 581 482 -1 169 265 269 587 336 343 852 -1 504 129 539 65 450 982 545 820 8 217 672 368 98 240 185 113 496 584 471 703 -1 958 896 858 739 217 265 765 777 369 400 936 -1 460
14 -1 -1 -1 804 561 996 -1 511 -1 -1 435 15 -1 838 939 526 -1 -1 852 259 662 -1 556 297 -1 -1 -1 -1 -1 636 832 44 -1 -1 -1 304 38 920 -1 805 194 -1 888 449 627 -1 172 53 -1 840 175 204 -1 -1 367 531 225 798 781 117 731 -1 229 852 713 892 609 959 596 107 945 608 750 567 37 579 52 951 511 202 107 658 704 460 -1
