7
2 6 7
92 4 12 75 33 25 65
-1 317 212 -1 393 356 493
317 -1 736 910 425 797 129
212 736 -1 712 744 205 -1
-1 910 712 -1 132 166 239
393 425 744 132 -1 -1 836
356 797 205 166 -1 -1 480
493 129 -1 239 836 480 -1
