10
5
49 27 22 96 100 77 36 30 74 57
-1 877 419 172 698 659 234 974 197 446
877 -1 971 804 746 245 941 134 219 928
419 971 -1 429 898 375 396 -1 202 148
172 804 429 -1 673 764 775 225 130 533
698 746 898 673 -1 943 749 606 405 594
659 245 375 764 943 -1 539 351 205 534
234 941 396 775 749 539 -1 653 188 791
974 134 -1 225 606 351 653 -1 640 280
197 219 202 130 405 205 188 640 -1 571
446 928 148 533 594 534 791 280 571 -1
