10
7 4 6
80 29 48 53 76 96 65 48 68 94
-1 -1 -1 -1 339 267 -1 -1 985 -1
-1 -1 457 318 -1 -1 -1 254 963 -1
-1 457 -1 342 178 972 -1 560 -1 782
-1 318 342 -1 93 181 -1 -1 23 -1
339 -1 178 93 -1 9 359 688 524 898
267 -1 972 181 9 -1 -1 128 909 581
-1 -1 -1 -1 359 -1 -1 489 411 220
-1 254 560 -1 688 128 489 -1 547 125
985 963 -1 23 524 909 411 547 -1 -1
-1 -1 782 -1 898 581 220 125 -1 -1
