100
91 45 64 44 43 54 66 59 100 52 68 37 27 67 50 31 69 86 83 92 93 71 19 5 2 84 80 56 72 73 10 26 48 46 32 34 41 63 33 3 9 17 49 89 36 81 65
86 82 57 53 70 45 84 45 83 84 37 69 72 82 34 34 32 38 5 87 31 42 25 98 73 58 36 74 19 72 35 60 66 42 34 43 39 94 73 10 1 91 71 100 24 1 31 83 87 31 98 46 68 61 93 61 63 4 17 94 17 42 61 25 80 59 90 13 53 87 98 65 2 58 33 95 31 68 77 89 74 95 16 29 84 12 1 36 11 62 26 56 42 69 15 51 86 93 71 21
-1 841 199 227 -1 861 99 382 -1 858 690 408 496 -1 287 845 -1 350 210 -1 -1 364 136 775 728 457 -1 613 -1 985 811 -1 178 -1 985 489 88 262 162 144 -1 -1 120 505 872 947 -1 179 686 -1 710 595 -1 -1 -1 -1 -1 829 -1 469 486 -1 315 -1 482 233 -1 85 978 447 87 -1 758 806 581 -1 -1 -1 531 -1 449 484 -1 -1 -1 -1 279 922 -1 -1 803 -1 63 -1 763 253 558 989 -1 622
841 -1 255 -1 584 611 -1 443 -1 384 446 603 743 -1 663 755 988 -1 296 104 752 114 558 353 -1 56 134 268 877 -1 -1 707 -1 674 584 -1 611 611 283 232 -1 127 -1 -1 -1 709 49 13 714 -1 -1 -1 -1 593 173 -1 277 -1 413 479 935 343 598 931 -1 951 -1 853 986 431 2 640 -1 319 844 802 27 193 887 993 533 615 412 203 767 549 571 900 567 358 242 563 210 121 -1 775 638 734 617 -1
199 255 -1 -1 702 897 -1 7 814 391 -1 402 889 523 52 -1 498 -1 811 988 -1 -1 646 -1 975 60 -1 649 153 465 -1 547 -1 920 146 -1 591 -1 763 601 16 647 950 188 708 522 -1 338 553 -1 411 995 268 826 -1 592 439 392 838 430 915 694 570 861 840 429 964 442 10 602 885 907 502 352 9 -1 983 158 -1 846 993 -1 366 -1 746 -1 507 -1 208 566 617 48 736 163 548 47 155 290 97 147
227 -1 -1 -1 733 862 -1 806 736 409 981 103 430 391 361 494 -1 54 -1 -1 888 791 368 216 -1 -1 773 795 5 467 449 -1 466 -1 942 615 896 533 291 -1 978 -1 474 569 316 -1 691 418 -1 969 102 216 389 618 999 899 101 907 444 322 35 818 431 349 423 62 -1 160 295 392 837 -1 356 736 924 116 669 -1 728 793 192 -1 932 117 947 -1 922 852 793 969 409 942 219 -1 84 58 527 582 26 313
-1 584 702 733 -1 845 943 172 601 837 552 438 798 973 -1 62 809 210 236 290 343 248 154 16 203 10 686 -1 104 483 56 991 476 222 762 474 331 370 751 179 259 114 -1 479 -1 -1 596 311 90 924 360 -1 309 133 79 909 767 274 423 817 -1 162 209 -1 370 307 298 -1 -1 561 440 823 721 591 47 582 326 576 -1 629 846 560 198 761 971 933 -1 113 250 492 513 585 182 610 -1 359 606 586 -1 -1
861 611 897 862 845 -1 461 -1 186 -1 -1 267 -1 777 708 650 490 -1 -1 56 818 608 508 100 -1 804 -1 894 133 305 154 368 595 298 911 464 98 240 138 683 -1 38 726 913 -1 432 520 260 447 489 381 636 12 978 73 412 -1 -1 -1 578 -1 -1 180 406 -1 477 542 -1 64 630 -1 127 422 194 -1 880 869 605 945 979 757 -1 487 908 977 219 565 292 980 917 978 643 -1 996 -1 -1 272 293 465 -1
99 -1 -1 -1 943 461 -1 -1 614 144 505 534 654 773 820 450 217 140 685 -1 862 299 190 250 -1 440 704 -1 724 977 484 140 288 151 289 96 -1 -1 -1 289 587 499 365 564 150 -1 66 297 -1 56 -1 796 88 -1 834 39 -1 905 -1 924 914 291 -1 137 829 659 274 -1 166 390 -1 917 -1 -1 914 163 245 -1 -1 985 945 889 962 -1 632 804 177 -1 -1 -1 294 313 195 815 -1 558 -1 -1 699 -1
382 443 7 806 172 -1 -1 -1 556 438 -1 147 678 369 677 142 260 805 390 -1 390 593 363 -1 -1 717 187 208 237 296 289 193 -1 850 348 473 251 360 806 204 600 667 873 540 640 -1 904 -1 471 -1 -1 727 770 745 903 314 159 734 587 -1 847 794 263 735 -1 594 745 -1 -1 960 19 339 453 264 661 773 187 -1 652 373 307 685 -1 574 571 -1 392 684 367 671 100 449 49 39 188 397 636 636 527 695
-1 -1 814 736 601 186 614 556 -1 -1 416 169 -1 -1 982 345 587 986 65 360 575 -1 -1 -1 30 -1 103 547 969 320 931 -1 -1 978 712 -1 245 155 -1 914 71 -1 823 112 260 339 114 801 277 358 917 112 605 -1 831 -1 737 -1 -1 900 674 357 743 -1 706 445 -1 -1 882 -1 692 -1 781 833 981 -1 800 -1 -1 471 484 310 541 93 -1 263 675 933 297 338 -1 -1 -1 -1 385 492 801 -1 309 43
858 384 391 409 837 -1 144 438 -1 -1 972 916 63 992 399 167 287 -1 647 597 714 141 379 100 -1 678 -1 758 -1 479 -1 -1 259 -1 380 470 -1 866 722 492 310 360 677 998 -1 -1 -1 915 477 21 741 651 547 -1 489 -1 792 231 -1 16 835 89 -1 304 -1 158 500 -1 634 -1 909 -1 -1 751 900 951 128 873 418 121 501 -1 453 -1 156 320 -1 -1 225 1 108 797 926 818 413 33 713 682 978 -1
690 446 -1 981 552 -1 505 -1 416 972 -1 316 175 182 -1 615 493 234 552 101 257 354 594 979 65 -1 -1 796 -1 990 376 -1 298 82 773 -1 884 387 179 896 75 -1 225 306 103 -1 426 831 36 704 964 162 -1 -1 583 -1 550 149 934 24 477 602 474 458 106 772 617 -1 -1 8 643 337 843 717 736 439 871 56 -1 781 717 465 166 212 482 69 336 505 -1 7 144 267 27 170 654 -1 481 -1 -1 593
408 603 402 103 438 267 534 147 169 916 316 -1 313 -1 173 -1 -1 -1 654 989 318 -1 626 -1 71 -1 393 167 705 173 768 184 11 619 863 117 -1 992 -1 213 133 994 212 163 56 468 996 713 159 317 230 760 707 953 644 398 129 -1 -1 -1 947 424 75 -1 -1 702 107 -1 530 229 971 654 436 673 318 513 356 146 557 950 125 786 -1 586 723 652 253 217 155 114 384 170 724 94 252 223 -1 414 48 635
496 743 889 430 798 -1 654 678 -1 63 175 313 -1 141 650 700 882 996 191 3 -1 201 -1 766 682 831 870 -1 546 971 372 265 435 50 323 722 -1 658 906 786 332 641 350 -1 238 -1 -1 256 -1 678 451 558 929 691 551 991 125 -1 561 226 155 207 810 562 27 945 385 101 -1 -1 270 184 795 37 203 957 980 881 129 516 -1 177 107 506 832 170 -1 99 914 356 694 296 113 751 256 272 692 968 509 -1
-1 -1 523 391 973 777 773 369 -1 992 182 -1 141 -1 -1 172 715 561 -1 722 242 687 30 124 525 901 792 612 97 -1 793 -1 645 719 483 665 17 28 300 914 -1 455 652 794 11 -1 636 427 949 -1 882 137 366 196 258 8 681 200 -1 332 68 536 -1 -1 686 -1 22 539 -1 370 84 169 10 708 454 660 600 184 157 32 -1 754 762 250 -1 573 409 789 883 47 517 796 924 482 478 490 501 878 44 692
287 663 52 361 -1 708 820 677 982 399 -1 173 650 -1 -1 494 -1 438 675 353 288 484 36 -1 -1 738 372 257 962 436 396 769 750 873 716 236 -1 112 175 714 544 730 -1 466 -1 -1 336 980 52 8 -1 715 -1 456 928 758 182 964 416 54 -1 850 -1 249 150 559 30 816 26 -1 706 151 572 80 934 586 892 889 108 816 671 498 613 486 168 657 19 434 561 241 786 52 18 -1 -1 717 514 561 736 860
845 755 -1 494 62 650 450 142 345 167 615 -1 700 172 494 -1 112 997 562 615 825 217 602 957 68 637 770 492 -1 637 621 612 -1 45 737 226 953 67 534 392 -1 461 65 291 552 168 -1 44 648 562 -1 -1 883 655 -1 -1 731 -1 616 165 -1 917 917 703 41 -1 556 198 999 198 616 -1 687 853 337 63 833 950 -1 -1 539 186 702 -1 835 637 326 115 299 701 825 773 380 -1 688 583 545 382 -1 422
-1 988 498 -1 809 490 217 260 587 287 493 -1 882 715 -1 112 -1 289 581 466 776 -1 -1 -1 810 376 912 796 709 295 -1 526 893 184 765 849 108 -1 111 109 -1 844 251 1 -1 -1 308 674 909 281 806 958 957 566 -1 47 460 858 964 573 676 818 366 397 670 -1 143 -1 154 790 478 -1 721 -1 525 373 502 604 359 288 313 779 88 671 308 453 187 528 -1 356 902 530 746 828 -1 872 134 860 342 -1
350 -1 -1 54 210 -1 140 805 986 -1 234 -1 996 561 438 997 289 -1 -1 641 341 218 22 99 965 917 983 546 677 -1 334 365 609 209 689 525 516 45 840 918 281 978 373 598 519 375 462 823 832 627 965 250 -1 945 -1 -1 -1 810 760 372 470 950 157 858 978 26 100 870 148 599 -1 200 -1 648 -1 -1 885 93 611 146 634 449 440 411 -1 847 468 197 104 142 666 666 105 945 448 853 982 781 630 427
210 296 811 -1 236 -1 685 390 65 647 552 654 191 -1 675 562 581 -1 -1 285 817 -1 -1 -1 21 371 780 668 460 663 -1 162 906 745 8 170 30 545 -1 697 -1 897 212 495 73 976 34 580 116 824 54 539 408 303 588 317 -1 227 738 215 825 476 -1 879 -1 325 457 579 310 798 631 342 214 75 909 855 232 196 -1 122 361 830 -1 938 -1 282 285 422 856 -1 78 639 -1 364 -1 148 5 65 740 290
-1 104 988 -1 290 56 -1 -1 360 597 101 989 3 722 353 615 466 641 285 -1 307 51 852 -1 106 377 -1 334 145 250 244 556 177 6 76 493 231 387 187 903 983 580 281 4 -1 714 -1 515 876 950 895 757 840 361 724 684 651 755 23 784 157 679 684 -1 728 196 880 47 212 980 123 396 355 746 675 752 210 -1 846 -1 -1 91 345 468 577 53 328 63 883 152 44 606 412 31 7 240 52 -1 895 -1
-1 752 -1 888 343 818 862 390 575 714 257 318 -1 242 288 825 776 341 817 307 -1 479 546 210 263 865 541 249 -1 207 -1 975 -1 295 -1 -1 704 21 296 806 -1 525 -1 514 299 918 122 510 3 768 139 978 -1 460 674 -1 415 -1 821 829 182 974 339 312 819 20 -1 743 -1 75 -1 137 16 3 246 953 673 98 312 854 219 218 87 767 785 488 310 465 362 606 200 150 99 43 417 593 544 271 820 365
364 114 -1 791 248 608 299 593 -1 141 354 -1 201 687 484 217 -1 218 -1 51 479 -1 499 466 404 -1 38 829 345 415 964 443 835 782 66 199 -1 881 -1 453 -1 63 404 31 440 30 162 973 796 518 25 -1 747 510 582 88 379 -1 820 880 340 -1 434 672 532 -1 102 677 640 629 488 734 94 476 937 689 209 -1 756 48 542 513 220 -1 312 330 252 417 776 722 110 321 347 120 -1 -1 112 757 192 155
136 558 646 368 154 508 190 363 -1 379 594 626 -1 30 36 602 -1 22 -1 852 546 499 -1 35 130 78 21 445 435 168 875 297 765 776 784 617 288 882 329 204 220 112 181 172 868 137 680 311 7 78 226 581 961 342 555 159 113 947 -1 803 353 205 766 25 -1 234 415 842 -1 659 980 943 603 153 136 -1 690 -1 390 743 985 698 767 -1 458 647 -1 38 400 166 166 855 674 883 268 246 115 136 319 376
775 353 -1 216 16 100 250 -1 -1 100 979 -1 766 124 -1 957 -1 99 -1 -1 210 466 35 -1 471 516 226 460 699 465 700 442 759 588 596 769 899 921 -1 809 602 973 642 606 595 287 111 512 453 54 753 285 556 412 777 165 321 975 -1 714 -1 321 931 229 590 533 374 229 89 315 652 799 464 283 575 859 670 294 788 81 125 -1 972 312 218 912 35 -1 265 851 -1 44 424 98 489 777 207 320 610 -1
728 -1 975 -1 203 -1 -1 -1 30 -1 65 71 682 525 -1 68 810 965 21 106 263 404 130 471 -1 645 938 447 200 323 679 -1 39 19 445 453 -1 977 -1 644 278 155 3 290 390 696 458 864 835 -1 164 369 64 203 868 515 138 -1 423 481 677 153 211 -1 -1 941 -1 797 920 227 136 -1 -1 976 -1 605 303 485 626 921 223 832 657 31 827 277 914 198 494 -1 322 -1 957 56 877 -1 540 983 912 605
457 56 60 -1 10 804 440 717 -1 678 -1 -1 831 901 738 637 376 917 371 377 865 -1 78 516 645 -1 953 941 -1 400 -1 440 887 -1 619 868 912 951 896 199 545 375 68 -1 937 639 481 431 -1 759 553 114 107 235 877 416 294 265 817 124 168 -1 142 429 400 -1 -1 -1 352 585 671 205 136 185 232 672 88 703 854 612 29 136 -1 973 489 -1 563 977 339 250 117 -1 322 106 322 595 360 318 476 650
-1 134 -1 773 686 -1 704 187 103 -1 -1 393 870 792 372 770 912 983 780 -1 541 38 21 226 938 953 -1 47 -1 874 774 50 522 535 651 620 630 82 633 411 -1 283 844 70 511 338 -1 923 368 -1 -1 234 772 537 202 231 431 104 843 614 791 576 612 -1 22 146 475 345 -1 631 544 32 141 25 275 917 307 317 216 140 937 782 777 650 769 523 589 848 790 978 324 951 456 689 180 100 845 692 416 188
613 268 649 795 -1 894 -1 208 547 758 796 167 -1 612 257 492 796 546 668 334 249 829 445 460 447 941 47 -1 -1 313 55 234 -1 615 216 501 910 -1 -1 113 -1 826 241 525 67 520 -1 487 535 452 -1 511 -1 -1 997 882 936 -1 409 255 619 463 781 189 607 946 232 542 -1 82 456 974 -1 455 83 511 157 392 683 314 272 281 31 875 232 668 643 735 678 -1 949 169 -1 43 108 962 862 783 -1 361
-1 877 153 5 104 133 724 237 969 -1 -1 705 546 97 962 -1 709 677 460 145 -1 345 435 699 200 -1 -1 -1 -1 -1 54 599 206 416 379 949 900 282 424 863 264 307 649 987 -1 69 474 89 199 824 586 -1 743 278 543 536 639 710 51 -1 39 254 863 736 610 -1 -1 108 57 348 554 27 613 150 198 437 520 712 160 -1 243 12 611 36 781 986 879 111 1 766 114 69 724 567 548 459 123 222 70 -1
985 -1 465 467 483 305 977 296 320 479 990 173 971 -1 436 637 295 -1 663 250 207 415 168 465 323 400 874 313 -1 -1 388 84 709 461 459 -1 100 870 214 276 738 23 300 115 926 -1 806 58 241 495 571 378 965 -1 20 943 131 -1 463 421 230 842 830 209 214 559 -1 213 162 357 267 732 -1 400 708 390 278 289 420 872 71 128 228 641 632 800 782 919 533 437 236 919 808 819 820 -1 970 422 31 643
811 -1 -1 449 56 154 484 289 931 -1 376 768 372 793 396 621 -1 334 -1 244 -1 964 875 700 679 -1 774 55 54 388 -1 371 163 -1 685 227 536 404 825 -1 798 201 400 114 620 -1 417 -1 -1 351 894 63 843 632 144 -1 848 1000 146 -1 -1 692 356 321 856 -1 151 813 437 635 170 515 366 -1 779 319 592 -1 898 -1 210 676 116 228 991 667 147 -1 407 -1 -1 634 104 941 -1 175 413 404 527 385
-1 707 547 -1 991 368 140 193 -1 -1 -1 184 265 -1 769 612 526 365 162 556 975 443 297 442 -1 440 50 234 599 84 371 -1 795 248 -1 -1 532 -1 417 928 456 764 569 358 780 797 628 731 339 524 923 659 82 925 990 456 973 988 -1 353 867 861 22 -1 157 350 728 990 317 385 281 319 647 386 387 354 633 180 892 298 404 55 970 481 937 345 808 68 956 288 812 431 -1 -1 799 76 584 931 763 62
178 -1 -1 466 476 595 288 -1 -1 259 298 11 435 645 750 -1 893 609 906 177 -1 835 765 759 39 887 522 -1 206 709 163 795 -1 446 376 161 688 418 855 -1 600 675 462 93 -1 747 407 941 991 -1 540 -1 282 158 505 563 962 901 4 -1 801 12 526 439 -1 -1 840 891 175 577 961 46 121 161 60 -1 459 860 270 404 190 274 -1 204 -1 850 296 937 255 -1 54 107 561 795 724 109 461 588 -1 247
-1 674 920 -1 222 298 151 850 978 -1 82 619 50 719 873 45 184 209 745 6 295 782 776 588 19 -1 535 615 416 461 -1 248 446 -1 163 701 343 747 683 881 470 504 319 546 47 413 504 841 117 920 810 354 7 366 -1 232 149 -1 -1 -1 431 530 526 940 -1 442 715 123 456 977 697 153 772 487 532 205 473 -1 625 438 801 108 -1 309 79 545 601 631 235 979 760 501 320 634 848 442 695 927 834 915
985 584 146 942 762 911 289 348 712 380 773 863 323 483 716 737 765 689 8 76 -1 66 784 596 445 619 651 216 379 459 685 -1 376 163 -1 647 -1 475 129 884 597 999 852 879 61 548 611 317 281 690 328 883 178 502 934 697 239 478 873 71 111 -1 776 98 638 955 341 72 608 944 590 368 232 -1 274 41 -1 103 159 -1 761 125 692 223 799 1000 656 775 282 926 850 811 58 -1 820 862 86 532 453 231
489 -1 -1 615 474 464 96 473 -1 470 -1 117 722 665 236 226 849 525 170 493 -1 199 617 769 453 868 620 501 949 -1 227 -1 161 701 647 -1 144 75 968 366 474 558 371 317 538 324 954 580 238 512 310 706 593 356 914 47 40 850 150 660 711 -1 276 83 893 -1 -1 939 -1 898 180 983 887 390 -1 981 194 391 738 693 44 97 164 618 -1 802 77 80 776 531 277 445 457 823 721 -1 481 469 956 553
88 611 591 896 331 98 -1 251 245 -1 884 -1 -1 17 -1 953 108 516 30 231 704 -1 288 899 -1 912 630 910 900 100 536 532 688 343 -1 144 -1 506 -1 582 950 168 505 686 314 726 865 210 414 28 242 762 -1 644 43 778 556 778 194 242 115 903 117 125 223 -1 894 44 53 584 607 710 624 530 41 300 534 333 872 781 874 23 848 36 399 39 475 946 35 528 -1 880 850 537 356 642 691 788 261 941
262 611 -1 533 370 240 -1 360 155 866 387 992 658 28 112 67 -1 45 545 387 21 881 882 921 977 951 82 -1 282 870 404 -1 418 747 475 75 506 -1 -1 356 913 823 49 451 291 924 670 556 849 786 -1 664 631 39 998 16 42 311 496 271 14 799 24 -1 196 634 856 909 526 491 637 740 56 971 99 404 977 158 763 275 -1 125 927 982 471 464 789 285 -1 98 454 538 12 164 386 982 94 973 263 87
162 283 763 291 751 138 -1 806 -1 722 179 -1 906 300 175 534 111 840 -1 187 296 -1 329 -1 -1 896 633 -1 424 214 825 417 855 683 129 968 -1 -1 -1 120 474 870 700 490 564 173 769 341 -1 163 962 716 -1 679 398 946 887 327 573 709 565 194 840 873 47 667 486 786 67 165 218 608 964 564 237 -1 -1 675 670 589 806 -1 66 -1 306 613 481 -1 785 241 843 969 256 325 586 502 921 873 479 602
144 232 601 -1 179 683 289 204 914 492 896 213 786 914 714 392 109 918 697 903 806 453 204 809 644 199 411 113 863 276 -1 928 -1 881 884 366 582 356 120 -1 132 765 766 213 927 -1 87 481 450 954 332 366 207 350 272 755 208 936 946 404 264 610 519 -1 537 508 559 911 431 519 862 976 -1 637 434 739 565 756 228 117 466 -1 650 203 128 91 834 336 498 766 805 549 64 958 95 178 663 574 304 563
-1 -1 16 978 259 -1 587 600 71 310 75 133 332 -1 544 -1 -1 281 -1 983 -1 -1 220 602 278 545 -1 -1 264 738 798 456 600 470 597 474 950 913 474 132 -1 815 566 87 951 91 525 -1 642 271 564 348 910 823 501 180 437 899 362 164 -1 796 198 387 340 -1 487 134 756 914 728 8 480 832 233 727 141 547 221 297 -1 855 323 336 -1 588 730 456 -1 230 49 640 58 932 3 -1 -1 471 -1 741
-1 127 647 -1 114 38 499 667 -1 360 -1 994 641 455 730 461 844 978 897 580 525 63 112 973 155 375 283 826 307 23 201 764 675 504 999 558 168 823 870 765 815 -1 818 895 376 529 947 614 677 -1 373 955 43 848 287 885 428 570 373 745 913 291 109 758 165 277 670 130 701 77 734 535 138 316 296 474 195 509 367 1 423 574 569 732 367 498 798 676 785 610 482 947 269 607 -1 573 763 260 756 270
120 -1 950 474 -1 726 365 873 823 677 225 212 350 652 -1 65 251 373 212 281 -1 404 181 642 3 68 844 241 649 300 400 569 462 319 852 371 505 49 700 766 566 818 -1 974 424 302 695 358 823 779 697 731 972 962 928 27 61 236 804 972 790 449 618 416 792 374 793 66 29 394 102 500 197 981 -1 195 380 896 537 835 537 491 640 258 72 909 -1 813 577 212 683 122 632 244 385 -1 400 449 279 -1
505 -1 188 569 479 913 564 540 112 998 306 163 -1 794 466 291 1 598 495 4 514 31 172 606 290 -1 70 525 987 115 114 358 93 546 879 317 686 451 490 213 87 895 974 -1 245 100 631 275 899 642 847 599 354 513 159 939 893 287 263 545 167 929 308 721 202 295 593 554 910 89 493 -1 715 -1 336 258 961 -1 190 985 393 406 327 -1 940 191 450 659 141 745 -1 154 342 -1 663 -1 833 35 252 354
872 -1 708 316 -1 -1 150 640 260 -1 103 56 238 11 -1 552 -1 519 73 -1 299 440 868 595 390 937 511 67 -1 926 620 780 -1 47 61 538 314 291 564 927 951 376 424 245 -1 407 -1 609 960 86 644 47 -1 99 906 873 14 739 -1 646 660 -1 279 202 668 367 199 259 168 276 342 523 735 430 68 867 950 867 173 966 326 378 373 802 365 493 654 433 633 870 689 86 445 133 363 833 306 278 342 882
947 709 522 -1 -1 432 -1 -1 339 -1 -1 468 -1 -1 -1 168 -1 375 976 714 918 30 137 287 696 639 338 520 69 -1 -1 797 747 413 548 324 726 924 173 -1 91 529 302 100 407 -1 346 952 95 551 156 354 672 238 722 601 771 946 839 810 365 504 111 339 470 500 144 -1 152 884 266 401 705 571 -1 911 353 362 36 -1 186 951 627 101 -1 880 385 985 702 855 260 -1 56 781 269 23 86 173 222 931
-1 49 -1 691 596 520 66 904 114 -1 426 996 -1 636 336 -1 308 462 34 -1 122 162 680 111 458 481 -1 -1 474 806 417 628 407 504 611 954 865 670 769 87 525 947 695 631 -1 346 -1 547 505 202 591 879 745 438 241 567 430 534 115 328 351 954 188 920 662 1000 874 61 436 660 884 999 939 209 212 517 935 932 458 149 -1 -1 969 875 309 8 251 653 860 540 108 818 996 39 479 547 944 611 334 471
179 13 338 418 311 260 297 -1 801 915 831 713 256 427 980 44 674 823 580 515 510 973 311 512 864 431 923 487 89 58 -1 731 941 841 317 580 210 556 341 481 -1 614 358 275 609 952 547 -1 460 261 69 508 377 222 916 835 679 318 45 76 -1 993 534 257 978 -1 692 815 66 997 449 150 94 12 140 -1 434 562 -1 237 284 93 38 -1 699 -1 703 760 109 155 583 331 616 391 390 451 403 219 313 613
686 714 553 -1 90 447 -1 471 277 477 36 159 -1 949 52 648 909 832 116 876 3 796 7 453 835 -1 368 535 199 241 -1 339 991 117 281 238 414 849 -1 450 642 677 823 899 960 95 505 460 -1 13 485 595 -1 620 630 931 829 822 998 493 738 665 125 524 52 555 906 362 585 782 79 888 -1 284 414 908 703 7 882 277 7 742 858 731 421 24 241 614 638 285 945 386 548 696 -1 457 346 304 342 182
-1 -1 -1 969 924 489 56 -1 358 21 704 317 678 -1 8 562 281 627 824 950 768 518 78 54 -1 759 -1 452 824 495 351 524 -1 920 690 512 28 786 163 954 271 -1 779 642 86 551 202 261 13 -1 728 233 707 472 822 494 509 724 832 534 367 813 972 471 204 904 850 91 771 603 -1 867 262 449 300 4 135 627 638 507 16 636 970 371 852 195 572 125 250 503 377 871 907 100 299 196 197 950 319 906
710 -1 411 102 360 381 -1 -1 917 741 964 230 451 882 -1 -1 806 965 54 895 139 25 226 753 164 553 -1 -1 586 571 894 923 540 810 328 310 242 -1 962 332 564 373 697 847 644 156 591 69 485 728 -1 216 280 201 615 318 59 191 279 742 551 768 370 643 31 286 995 454 943 682 780 -1 289 507 178 501 726 11 403 919 68 510 486 582 437 990 545 855 847 -1 -1 51 482 316 271 610 313 971 573 186
595 -1 995 216 -1 636 796 727 112 651 162 760 558 137 715 -1 958 250 539 757 978 -1 581 285 369 114 234 511 -1 378 63 659 -1 354 883 706 762 664 716 366 348 955 731 599 47 354 879 508 595 233 216 -1 71 27 776 562 707 267 35 452 134 -1 578 711 917 936 816 853 636 616 488 606 780 19 879 875 369 318 248 766 724 647 752 136 662 526 610 216 53 706 631 238 414 135 560 187 93 721 948 685
-1 -1 268 389 309 12 88 770 605 547 -1 707 929 366 -1 883 957 -1 408 840 -1 747 961 556 64 107 772 -1 743 965 843 82 282 7 178 593 -1 631 -1 207 910 43 972 354 -1 672 745 377 -1 707 280 71 -1 -1 855 306 643 147 721 -1 707 597 965 90 562 57 763 423 436 547 830 30 273 290 749 523 804 898 920 110 53 705 409 896 944 405 776 428 448 418 302 771 492 562 473 111 69 437 162 617
-1 593 826 618 133 978 -1 745 -1 -1 -1 953 691 196 456 655 566 945 303 361 460 510 342 412 203 235 537 -1 278 -1 632 925 158 366 502 356 644 39 679 350 823 848 962 513 99 238 438 222 620 472 201 27 -1 -1 389 702 810 217 370 125 148 881 401 3 956 538 -1 610 -1 268 18 -1 612 627 -1 257 754 476 521 565 696 375 414 920 529 23 370 767 868 -1 69 436 400 876 18 190 999 -1 125 599
-1 173 -1 999 79 73 834 903 831 489 583 644 551 258 928 -1 -1 -1 588 724 674 582 555 777 868 877 202 997 543 20 144 990 505 -1 934 914 43 998 398 272 501 287 928 159 906 722 241 916 630 822 615 776 855 389 -1 537 555 -1 231 659 40 825 786 457 182 804 407 310 126 159 654 963 791 350 728 335 219 869 261 306 784 273 381 -1 -1 624 272 762 744 903 970 597 656 146 911 361 674 649 809 26
-1 -1 592 899 909 412 39 314 -1 -1 -1 398 991 8 758 -1 47 -1 317 684 -1 88 159 165 515 416 231 882 536 943 -1 456 563 232 697 47 778 16 946 755 180 885 27 939 873 601 567 835 931 494 318 562 306 702 537 -1 878 815 -1 762 410 853 478 797 -1 251 220 931 353 370 602 -1 995 277 400 131 112 450 641 564 135 -1 849 808 680 442 387 845 100 571 548 -1 263 518 74 877 731 995 314 80
-1 277 439 101 767 -1 -1 159 737 792 550 129 125 681 182 731 460 -1 -1 651 415 379 113 321 138 294 431 936 639 131 848 973 962 149 239 40 556 42 887 208 437 428 61 893 14 771 430 679 829 509 59 707 643 810 555 878 -1 30 449 284 15 190 954 799 338 647 109 630 286 104 438 2 400 830 884 705 839 577 534 991 147 347 84 491 386 999 89 495 439 411 18 570 404 482 470 121 408 370 390 441
829 -1 392 907 274 -1 905 734 -1 231 149 -1 -1 200 964 -1 858 810 227 755 -1 -1 947 975 -1 265 104 -1 710 -1 1000 988 901 -1 478 850 778 311 327 936 899 570 236 287 739 946 534 318 822 724 191 267 147 217 -1 815 30 -1 589 639 293 319 64 71 330 712 823 989 440 54 549 51 -1 329 494 677 804 961 263 519 271 649 343 305 4 132 745 386 278 746 872 262 588 664 267 193 490 936 833 94
-1 413 838 444 423 -1 -1 587 -1 -1 934 -1 561 -1 416 616 964 760 738 23 821 820 -1 -1 423 817 843 409 51 463 146 -1 4 -1 873 150 194 496 573 946 362 373 804 263 -1 839 115 45 998 832 279 35 721 370 231 -1 449 589 -1 168 25 914 450 394 712 498 897 546 593 170 440 611 322 530 833 895 149 784 281 953 363 515 194 182 361 95 127 270 861 340 353 760 17 848 838 830 286 596 416 24
469 479 430 322 817 578 924 -1 900 16 24 -1 226 332 54 165 573 372 215 784 829 880 803 714 481 124 614 255 -1 421 -1 353 -1 -1 71 660 242 271 709 404 164 745 972 545 646 810 328 76 493 534 742 452 -1 125 659 762 284 639 168 -1 661 72 153 -1 957 178 308 423 736 863 178 852 303 339 532 182 522 816 618 235 422 152 213 459 537 229 315 729 468 451 551 582 26 290 456 711 987 32 153 608
486 935 915 35 -1 -1 914 847 674 835 477 947 155 68 -1 -1 676 470 825 157 182 340 353 -1 677 168 791 619 39 230 -1 867 801 431 111 711 115 14 565 264 -1 913 790 167 660 365 351 -1 738 367 551 134 707 148 40 410 15 293 25 661 -1 178 -1 318 663 297 708 560 515 12 747 728 306 20 769 469 987 321 -1 380 842 822 777 359 434 844 834 345 510 877 73 270 697 378 545 673 492 -1 759 5
-1 343 694 818 162 -1 291 794 357 89 602 424 207 536 850 917 818 950 476 679 974 -1 205 321 153 -1 576 463 254 842 692 861 12 530 -1 -1 903 799 194 610 796 291 449 929 -1 504 954 993 665 813 768 -1 597 881 825 853 190 319 914 72 178 -1 231 496 249 776 801 259 365 722 930 739 916 336 911 328 484 837 571 696 796 -1 881 175 694 551 568 408 640 656 765 250 393 741 521 337 995 447 109 755
315 598 570 431 209 180 -1 263 743 -1 474 75 810 -1 -1 917 366 157 -1 684 339 434 766 931 211 142 612 781 863 830 356 22 526 526 776 276 117 24 840 519 198 109 618 308 279 111 188 534 125 972 370 578 965 401 786 478 954 64 450 153 -1 231 -1 629 3 135 708 374 637 645 2 546 13 800 283 561 947 735 691 793 886 548 835 127 770 193 944 780 -1 137 82 625 60 659 197 769 233 910 49 353
-1 931 861 349 -1 406 137 735 -1 304 458 -1 562 -1 249 703 397 858 879 -1 312 672 25 229 -1 429 -1 189 736 209 321 -1 439 940 98 83 125 -1 873 -1 387 758 416 721 202 339 920 257 524 471 643 711 90 3 457 797 799 71 394 -1 318 496 629 -1 760 355 555 332 804 67 732 262 504 723 311 738 324 821 567 387 959 877 59 60 341 5 184 29 608 164 529 81 52 484 320 650 576 636 780 519
482 -1 840 423 370 -1 829 -1 706 -1 106 -1 27 686 150 41 670 978 -1 728 819 532 -1 590 -1 400 22 607 610 214 856 157 -1 -1 638 893 223 196 47 537 340 165 792 202 668 470 662 978 52 204 31 917 562 956 182 -1 338 330 712 957 663 249 3 760 -1 236 844 741 508 26 161 802 26 2 436 381 854 892 495 480 704 633 515 741 859 302 691 323 869 452 479 276 586 856 99 729 901 37 304 440
233 951 429 62 307 477 659 594 445 158 772 702 945 -1 559 -1 -1 26 325 196 20 -1 234 533 941 -1 146 946 -1 559 -1 350 -1 442 955 -1 -1 634 667 508 -1 277 374 295 367 500 1000 -1 555 904 286 936 57 538 804 251 647 712 498 178 297 776 135 355 236 -1 746 151 418 590 771 348 467 260 396 923 972 759 841 544 49 145 604 869 562 690 928 3 283 339 75 147 399 405 256 801 625 387 676 332
-1 -1 964 -1 298 542 274 745 -1 500 617 107 385 22 30 556 143 100 457 880 -1 102 415 374 -1 -1 475 232 -1 -1 151 728 840 715 341 -1 894 856 486 559 487 670 793 593 199 144 874 692 906 850 995 816 763 -1 407 220 109 823 897 308 708 801 708 555 844 746 -1 236 604 496 605 221 866 650 281 230 622 702 64 56 66 491 739 951 604 727 194 891 568 330 853 501 526 725 717 599 692 605 446 652
85 853 442 160 -1 -1 -1 -1 -1 -1 -1 -1 101 539 816 198 -1 870 579 47 743 677 842 229 797 -1 345 542 108 213 813 990 891 123 72 939 44 909 786 911 134 130 66 554 259 -1 61 815 362 91 454 853 423 610 310 931 630 989 546 423 560 259 374 332 741 151 236 -1 146 674 183 941 573 512 8 685 411 559 689 373 163 37 634 570 833 179 277 504 -1 50 108 305 682 167 515 860 517 480 267 685
978 986 10 295 -1 64 166 -1 882 634 -1 530 -1 -1 26 999 154 148 310 212 -1 640 -1 89 920 352 -1 -1 57 162 437 317 175 456 608 -1 53 526 67 431 756 701 29 910 168 152 436 66 585 771 943 636 436 -1 126 353 286 440 593 736 515 365 637 804 508 418 604 146 -1 293 874 95 675 705 829 299 890 506 188 965 456 643 294 613 25 609 130 293 634 619 299 162 259 752 183 119 92 428 626 932
447 431 602 392 561 630 390 960 -1 -1 8 229 -1 370 -1 198 790 599 798 980 75 629 659 315 227 585 631 82 348 357 635 385 577 977 944 898 584 491 165 519 914 77 394 89 276 884 660 997 782 603 682 616 547 268 159 370 104 54 170 863 12 722 645 67 26 590 496 674 293 -1 544 854 124 883 746 736 196 850 53 356 356 993 50 328 368 943 59 173 319 260 266 280 742 199 290 453 805 512 18 675
87 2 885 837 440 -1 -1 19 692 909 643 971 270 84 706 616 478 -1 631 123 -1 488 980 652 136 671 544 456 554 267 170 281 961 697 590 180 607 637 218 862 728 734 102 493 342 266 884 449 79 -1 780 488 830 18 654 602 438 549 440 178 747 930 2 732 161 771 605 183 874 544 -1 -1 875 870 506 717 96 998 63 522 634 604 546 170 316 878 252 630 461 551 489 722 481 961 17 460 940 414 506 978
-1 640 907 -1 823 127 917 339 -1 -1 337 654 184 169 151 -1 -1 200 342 396 137 734 943 799 -1 205 32 974 27 732 515 319 46 153 368 983 710 740 608 976 8 535 500 -1 523 401 999 150 888 867 -1 606 30 -1 963 -1 2 51 611 852 728 739 546 262 802 348 221 941 95 854 -1 -1 194 777 758 570 592 934 868 525 427 978 267 402 626 256 863 210 61 375 497 158 941 160 136 801 330 163 120 513
758 -1 502 356 721 422 -1 453 781 -1 843 436 795 10 572 687 721 -1 214 355 16 94 603 464 -1 136 141 -1 613 -1 366 647 121 772 232 887 624 56 964 -1 480 138 197 715 735 705 939 94 -1 262 289 780 273 612 791 995 400 -1 322 303 306 916 13 504 26 467 866 573 675 124 875 194 -1 968 100 114 794 545 624 121 140 792 415 103 273 158 542 250 685 178 298 838 210 554 885 167 603 884 251 471
806 319 352 736 591 194 -1 264 833 751 717 673 37 708 80 853 -1 648 75 746 3 476 153 283 976 185 25 455 150 400 -1 386 161 487 -1 390 530 971 564 637 832 316 981 -1 430 571 209 12 284 449 507 19 290 627 350 277 830 329 530 339 20 336 800 723 2 260 650 512 705 883 870 777 968 -1 599 336 746 200 958 531 845 861 917 600 904 714 25 446 -1 665 933 366 197 816 724 219 626 785 621 366
581 844 9 924 47 -1 914 661 981 900 736 318 203 454 934 337 525 -1 909 675 246 937 136 575 -1 232 275 83 198 708 779 387 60 532 274 -1 41 99 237 434 233 296 -1 336 68 -1 212 140 414 300 178 879 749 -1 728 400 884 494 833 532 769 911 283 311 436 396 281 8 829 746 506 758 100 599 -1 279 810 675 820 48 726 699 635 732 212 386 681 359 823 119 433 583 99 270 398 987 320 991 585 247
-1 802 -1 116 582 880 163 773 -1 951 439 513 957 660 586 63 373 -1 855 752 953 689 -1 859 605 672 917 511 437 390 319 354 -1 205 41 981 300 404 -1 739 727 474 195 258 867 911 517 -1 908 4 501 875 523 257 335 131 705 677 895 182 469 328 561 738 381 923 230 685 299 736 717 570 114 336 279 -1 185 783 852 295 921 152 881 804 953 124 544 677 170 421 417 663 412 537 16 826 395 194 312 88
-1 27 983 669 326 869 245 187 800 128 871 356 980 600 892 833 502 885 232 210 673 209 690 670 303 88 307 157 520 278 592 633 459 473 -1 194 534 977 -1 565 141 195 380 961 950 353 935 434 703 135 726 369 804 754 219 112 839 804 149 522 987 484 947 324 854 972 622 411 890 196 96 592 794 746 810 185 -1 528 932 757 491 444 509 243 660 978 343 83 9 923 166 705 929 567 940 439 450 496 168 793
-1 193 158 -1 576 605 -1 -1 -1 873 56 146 881 184 889 950 604 93 196 -1 98 -1 -1 294 485 703 317 392 712 289 -1 180 860 -1 103 391 333 158 675 756 547 509 896 -1 867 362 932 562 7 627 11 318 898 476 869 450 577 961 784 816 321 837 735 821 892 759 702 559 506 850 998 934 545 200 675 783 528 -1 871 927 438 589 95 797 629 417 26 377 724 156 151 486 525 737 784 261 728 490 781 908
531 887 -1 728 -1 945 -1 652 -1 418 -1 557 129 157 108 -1 359 611 -1 846 312 756 390 788 626 854 216 683 160 420 898 892 270 625 159 738 872 763 670 228 221 367 537 190 173 36 458 -1 882 638 403 248 920 521 261 641 534 263 281 618 -1 571 691 567 495 841 64 689 188 53 63 868 624 958 820 852 932 871 -1 955 38 585 660 532 343 249 221 659 573 771 89 332 808 896 329 79 781 331 103 511
-1 993 846 793 629 979 985 373 471 121 781 950 516 32 816 -1 288 146 122 -1 854 48 743 81 921 612 140 314 -1 872 -1 298 404 438 -1 693 781 275 589 117 297 1 835 985 966 -1 149 237 277 507 919 766 110 565 306 564 991 519 953 235 380 696 793 387 480 544 56 373 965 356 522 525 121 531 48 295 757 927 955 -1 955 91 30 279 450 94 901 900 134 126 113 960 5 292 713 297 470 410 359 852
449 533 993 192 846 757 945 307 484 501 717 125 -1 -1 671 539 313 634 361 -1 219 542 985 125 223 29 937 272 243 71 210 404 190 801 761 44 874 -1 806 466 -1 423 537 393 326 186 -1 284 7 16 68 724 53 696 784 135 147 271 363 422 842 796 886 959 704 49 66 163 456 356 634 427 140 845 726 921 491 438 38 955 -1 740 779 180 270 818 190 290 54 295 997 80 907 991 746 161 454 6 936 815
484 615 -1 -1 560 -1 889 685 310 -1 465 786 177 754 498 186 779 449 830 91 218 513 698 -1 832 136 782 281 12 128 676 55 274 108 125 97 23 125 -1 -1 855 574 491 406 378 951 -1 93 742 636 510 647 705 375 273 -1 347 649 515 152 822 -1 548 877 633 145 491 37 643 993 604 978 792 861 699 152 444 589 585 91 740 -1 411 675 189 174 49 282 793 676 402 384 535 568 131 827 836 587 799 463
-1 412 366 932 198 487 962 -1 541 453 166 -1 107 762 613 702 88 440 -1 345 87 220 767 972 657 -1 777 31 611 228 116 970 -1 -1 692 164 848 927 66 650 323 569 640 327 373 627 969 38 858 970 486 752 409 414 381 849 84 343 194 213 777 881 835 59 515 604 739 634 294 50 546 267 415 917 635 881 509 95 660 30 779 411 -1 165 79 61 690 20 471 980 367 608 630 328 148 124 310 803 244 394
-1 203 -1 117 761 908 -1 574 93 -1 212 586 506 250 486 -1 671 411 938 468 767 -1 -1 312 31 973 650 875 36 641 228 481 204 309 223 618 36 982 -1 203 336 732 258 -1 802 101 875 -1 731 371 582 136 896 920 -1 808 491 305 182 459 359 175 127 60 741 869 951 570 613 328 170 402 103 600 732 804 243 797 532 279 180 675 165 -1 446 322 60 907 505 357 198 170 798 395 557 776 281 173 752 713
-1 767 746 947 971 977 632 571 -1 156 482 723 832 -1 168 835 308 -1 -1 577 785 312 458 218 827 489 769 232 781 632 991 937 -1 79 799 -1 399 471 306 128 -1 367 72 940 365 -1 309 699 421 852 437 662 944 529 -1 680 386 4 361 537 434 694 770 341 859 562 604 833 25 368 316 626 273 904 212 953 660 629 343 450 270 189 79 446 -1 313 669 937 180 718 180 623 390 257 703 227 820 694 60 648
-1 549 -1 -1 933 219 804 -1 263 320 69 652 170 573 657 637 453 847 282 53 488 330 647 912 277 -1 523 668 986 800 667 345 850 545 1000 802 39 464 613 91 588 498 909 191 493 880 8 -1 24 195 990 526 405 23 624 442 999 132 95 229 844 551 193 5 302 690 727 179 609 943 878 256 158 714 386 124 978 417 249 94 818 174 61 322 313 -1 770 79 961 199 543 320 105 857 202 643 830 686 889 518
279 571 507 922 -1 565 177 392 675 -1 336 253 -1 409 19 326 187 468 285 328 310 252 -1 35 914 563 589 643 879 782 147 808 296 601 656 77 475 789 481 834 730 798 -1 450 654 385 251 703 241 572 545 610 776 370 272 387 89 745 127 315 834 568 944 184 691 928 194 277 130 59 252 863 542 25 681 544 343 26 221 901 190 49 690 60 669 770 -1 874 949 246 512 778 872 694 794 807 17 31 985 315
922 900 -1 852 113 292 -1 684 933 -1 505 217 99 789 434 115 528 197 422 63 465 417 38 -1 198 977 848 735 111 919 -1 68 937 631 775 80 946 285 -1 336 456 676 813 659 433 985 653 760 614 125 855 216 428 767 762 845 495 386 270 729 345 408 780 29 323 3 891 504 293 173 630 210 250 446 359 677 83 377 659 900 290 282 20 907 937 79 874 -1 826 232 266 369 111 373 337 357 302 787 176 754
-1 567 208 793 250 980 -1 367 297 225 -1 155 914 883 561 299 -1 104 856 883 362 776 400 265 494 339 790 678 1 533 407 956 255 235 282 776 35 -1 785 498 -1 785 577 141 633 702 860 109 638 250 847 53 448 868 744 100 439 278 861 468 510 640 -1 608 869 283 568 -1 634 319 461 61 685 -1 823 170 9 724 573 134 54 793 471 505 180 961 949 826 -1 520 715 752 977 129 604 123 252 410 557 835
-1 358 566 969 492 917 -1 671 338 1 7 114 356 47 241 701 356 142 -1 152 606 722 166 851 -1 250 978 -1 766 437 -1 288 -1 979 926 531 528 98 241 766 230 610 212 745 870 855 540 155 285 503 -1 706 418 -1 903 571 411 746 340 451 877 656 137 164 452 339 330 50 619 260 551 375 178 665 119 421 923 156 771 126 295 676 980 357 718 199 246 232 520 -1 103 47 202 982 568 477 915 723 65 363
803 242 617 409 513 978 294 100 -1 108 144 384 694 517 786 825 902 666 78 44 200 110 166 -1 322 117 324 949 114 236 -1 812 54 760 850 277 -1 454 843 805 49 482 683 -1 689 260 108 583 945 377 -1 631 302 69 970 548 18 872 353 551 73 765 82 529 479 75 853 108 299 266 489 497 298 933 433 417 166 151 89 113 997 402 367 198 180 543 512 266 715 103 -1 467 103 184 666 73 419 936 42 902
-1 563 48 942 585 643 313 449 -1 797 267 170 296 796 52 773 530 666 639 606 150 321 855 44 -1 -1 951 169 69 919 634 431 107 501 811 445 880 538 969 549 640 947 122 154 86 -1 818 331 386 871 51 238 771 436 597 -1 570 262 760 582 270 250 625 81 276 147 501 305 162 280 722 158 838 366 583 663 705 486 332 960 80 384 608 170 623 320 778 369 752 47 467 -1 849 528 820 550 286 953 979 923
63 210 736 219 182 -1 195 49 -1 926 27 724 113 924 18 380 746 105 -1 412 99 347 674 424 957 322 456 -1 724 808 104 -1 561 320 58 457 850 12 256 64 58 269 632 342 445 56 996 616 548 907 482 414 492 400 656 263 404 588 17 26 697 393 60 52 586 399 526 682 259 742 481 941 210 197 99 412 929 525 808 5 907 535 630 798 390 105 872 111 977 202 103 849 -1 263 592 189 11 81 743 73
-1 121 163 -1 610 996 815 39 -1 818 170 94 751 482 -1 -1 828 945 364 31 43 120 883 98 56 106 689 43 567 819 941 -1 795 634 -1 823 537 164 325 958 932 607 244 -1 133 781 39 391 696 100 316 135 562 876 146 518 482 664 848 290 378 741 659 484 856 405 725 167 752 199 961 160 554 816 270 537 567 737 896 292 991 568 328 395 257 857 694 373 129 982 184 528 263 -1 857 983 326 381 851 87
763 -1 548 84 -1 -1 -1 188 385 413 654 252 256 478 -1 688 -1 448 -1 7 417 -1 268 489 877 322 180 108 548 820 -1 799 724 848 820 721 356 386 586 95 3 -1 385 663 363 269 479 390 -1 299 271 560 473 18 911 74 470 267 838 456 545 521 197 320 99 256 717 515 183 290 17 136 885 724 398 16 940 784 329 713 746 131 148 557 703 202 794 337 604 568 666 820 592 857 -1 531 197 533 174 760
253 775 47 58 359 -1 558 397 492 33 -1 223 272 490 717 583 872 853 148 240 593 -1 246 777 -1 595 100 962 459 -1 175 76 109 442 862 -1 642 982 502 178 -1 573 -1 -1 833 23 547 451 457 196 610 187 111 190 361 877 121 193 830 711 673 337 769 650 729 801 599 860 119 453 460 801 167 219 987 826 439 261 79 297 161 827 124 776 227 643 807 357 123 477 73 550 189 983 531 -1 625 229 181 995
558 638 155 527 606 272 -1 636 801 713 481 -1 692 501 514 545 134 982 5 52 544 112 115 207 540 360 845 862 123 970 413 584 461 695 86 481 691 94 921 663 -1 763 400 833 306 86 944 403 346 197 313 93 69 999 674 731 408 490 286 987 492 995 233 576 901 625 692 517 92 805 940 330 603 626 320 395 450 728 781 470 454 836 310 281 820 830 17 302 252 915 419 286 11 326 197 625 -1 741 555 865
989 734 290 582 586 293 -1 636 -1 682 -1 414 968 878 561 382 860 781 65 -1 271 757 136 320 983 318 692 783 222 422 404 931 588 927 532 469 788 973 873 574 471 260 449 35 278 173 611 219 304 950 971 721 437 -1 649 995 370 936 596 32 -1 447 910 636 37 387 605 480 428 512 414 163 884 785 991 194 496 490 331 410 6 587 803 173 694 686 31 787 410 723 936 953 81 381 533 229 741 -1 965 656
-1 617 97 26 -1 465 699 527 309 978 -1 48 509 44 736 -1 342 630 740 895 820 192 319 610 912 476 416 -1 70 31 527 763 -1 834 453 956 261 263 479 304 -1 756 279 252 342 222 334 313 342 319 573 948 162 125 809 314 390 833 416 153 759 109 49 780 304 676 446 267 626 18 506 120 251 621 585 312 168 781 103 359 936 799 244 752 60 889 985 176 557 65 42 979 743 851 174 181 555 965 -1 333
622 -1 147 313 -1 -1 -1 695 43 -1 593 635 -1 692 860 422 -1 427 290 -1 365 155 376 -1 605 650 188 361 -1 643 385 62 247 915 231 553 941 87 602 563 741 270 -1 354 882 931 471 613 182 906 186 685 617 599 26 80 441 94 24 608 5 755 353 519 440 332 652 685 932 675 978 513 471 366 247 88 793 908 511 852 815 463 394 713 648 518 315 754 835 363 902 923 73 87 760 995 865 656 333 -1
